1727740800000,66.83000000,67.45000000,66.61000000,67.39000000,11269.54200000,1727744399999,755422.59978000,6871,6729.61000000,451349.96052000,0
1727744400000,67.40000000,67.83000000,67.30000000,67.62000000,16413.75800000,1727747999999,1108711.70885000,6745,10074.36700000,680699.44442000,0
1727748000000,67.61000000,67.82000000,67.34000000,67.82000000,6766.92100000,1727751599999,457641.19432000,5850,4775.59700000,323009.21834000,0
1727751600000,67.81000000,68.01000000,67.73000000,67.90000000,8776.31200000,1727755199999,595900.39941000,4460,4157.41500000,282247.35893000,0
1727755200000,67.91000000,68.19000000,67.83000000,68.14000000,8469.11700000,1727758799999,575742.42588000,5216,4178.32300000,284070.02043000,0
1727758800000,68.15000000,68.20000000,67.88000000,67.90000000,7764.96100000,1727762399999,527908.51133000,3984,3123.78800000,212459.69149000,0
1727762400000,67.91000000,68.22000000,67.90000000,68.17000000,6484.20400000,1727765999999,441295.63101000,4586,3454.33200000,235050.86544000,0
1727766000000,68.16000000,68.46000000,68.11000000,68.21000000,12565.35300000,1727769599999,857487.89786000,6097,6431.78100000,438890.39017000,0
1727769600000,68.20000000,68.30000000,67.99000000,68.17000000,7494.10100000,1727773199999,510768.84527000,4775,4363.92100000,297509.23768000,0
1727773200000,68.16000000,68.51000000,68.13000000,68.43000000,11692.74100000,1727776799999,798843.93545000,6074,7689.36200000,525428.30257000,0
1727776800000,68.44000000,68.59000000,68.26000000,68.43000000,9485.41300000,1727780399999,648928.32597000,5102,6293.65300000,430585.10140000,0
1727780400000,68.42000000,68.50000000,68.10000000,68.11000000,7568.27700000,1727783999999,517065.85522000,5343,3176.63600000,217020.78765000,0
1727784000000,68.11000000,68.26000000,67.93000000,68.06000000,11135.81500000,1727787599999,758239.83578000,6834,5066.88600000,345027.28204000,0
1727787600000,68.06000000,68.07000000,66.56000000,67.17000000,21825.74500000,1727791199999,1470133.06536000,15354,10155.92300000,684675.77991000,0
1727791200000,67.19000000,67.47000000,65.73000000,65.87000000,36613.19700000,1727794799999,2437467.42924000,24843,15488.16800000,1031746.04829000,0
1727794800000,65.90000000,65.95000000,63.58000000,65.29000000,67335.12100000,1727798399999,4368543.91013000,33220,37709.06300000,2447912.06335000,0
1727798400000,65.28000000,65.66000000,64.18000000,64.62000000,29600.70100000,1727801999999,1922384.78188000,17799,13957.92900000,906688.14892000,0
1727802000000,64.62000000,64.62000000,62.00000000,64.10000000,74705.65200000,1727805599999,4726007.02163000,35239,35399.30200000,2239595.37548000,0
1727805600000,64.09000000,64.44000000,63.64000000,64.06000000,22677.73700000,1727809199999,1453636.23371000,13648,9255.81400000,593482.26364000,0
1727809200000,64.05000000,64.17000000,63.54000000,63.66000000,23576.91600000,1727812799999,1503364.58641000,15182,11244.31100000,717207.43515000,0
1727812800000,63.66000000,63.67000000,62.13000000,62.95000000,40260.48200000,1727816399999,2534886.63049000,21086,15903.52500000,1001362.22900000,0
1727816400000,62.96000000,63.80000000,62.52000000,63.68000000,15904.03000000,1727819999999,1004228.52231000,8037,8698.83900000,549476.17593000,0
1727820000000,63.67000000,63.69000000,63.06000000,63.35000000,10962.24500000,1727823599999,694681.97190000,6637,5668.94700000,359121.77688000,0
1727823600000,63.37000000,63.51000000,63.13000000,63.41000000,7429.86200000,1727827199999,470642.19388000,5370,4150.28500000,262916.29832000,0
1727827200000,63.40000000,63.71000000,62.91000000,63.68000000,15695.61000000,1727830799999,993448.52244000,7934,8007.43300000,506943.23575000,0
1727830800000,63.68000000,64.15000000,63.57000000,64.14000000,13323.24500000,1727834399999,851539.80047000,6353,8301.06800000,530558.36107000,0
1727834400000,64.14000000,64.24000000,63.82000000,64.20000000,7959.13600000,1727837999999,509498.48426000,5217,3963.71500000,253726.13900000,0
1727838000000,64.19000000,64.34000000,64.03000000,64.30000000,5241.37700000,1727841599999,336560.27549000,4065,2515.66500000,161540.96963000,0
1727841600000,64.31000000,64.31000000,63.92000000,63.99000000,7531.77600000,1727845199999,482626.58739000,4066,4250.73500000,272376.98915000,0
1727845200000,63.98000000,64.26000000,63.88000000,64.03000000,4576.39600000,1727848799999,293299.20777000,3880,2301.19700000,147491.84467000,0
1727848800000,64.04000000,64.55000000,63.89000000,64.49000000,6683.76600000,1727852399999,429357.47337000,5633,3461.35200000,222409.72026000,0
1727852400000,64.49000000,64.77000000,64.40000000,64.54000000,8933.81300000,1727855999999,576570.37351000,6131,4739.57800000,305852.44467000,0
1727856000000,64.53000000,64.71000000,64.34000000,64.56000000,7908.39900000,1727859599999,510215.02258000,6322,3991.12600000,257497.70519000,0
1727859600000,64.55000000,64.60000000,63.54000000,63.68000000,11301.22500000,1727863199999,724731.85813000,8203,4074.47500000,261467.99002000,0
1727863200000,63.68000000,64.25000000,63.52000000,63.54000000,11562.26400000,1727866799999,738412.63521000,8634,5042.43000000,322157.68078000,0
1727866800000,63.54000000,63.93000000,63.14000000,63.73000000,14572.70700000,1727870399999,927711.37719000,9448,5601.26200000,356628.35331000,0
1727870400000,63.73000000,63.77000000,63.08000000,63.28000000,19458.48900000,1727873999999,1234610.87448000,10414,8285.14300000,525761.28888000,0
1727874000000,63.29000000,63.82000000,62.68000000,63.71000000,28320.16500000,1727877599999,1790102.12269000,14418,14240.11400000,900025.52939000,0
1727877600000,63.71000000,63.98000000,63.17000000,63.17000000,14571.49500000,1727881199999,926698.17343000,12116,5874.07800000,373648.53096000,0
1727881200000,63.17000000,63.97000000,63.08000000,63.77000000,11961.13900000,1727884799999,761020.87561000,9411,7046.37400000,448203.42995000,0
1727884800000,63.77000000,64.20000000,63.68000000,63.85000000,14091.04100000,1727888399999,902024.12888000,9692,7183.70300000,459825.30701000,0
1727888400000,63.84000000,63.99000000,63.55000000,63.92000000,14186.56900000,1727891999999,904541.26737000,9370,6385.84900000,407282.83399000,0
1727892000000,63.92000000,63.94000000,62.86000000,62.93000000,19979.52700000,1727895599999,1264933.58124000,14884,10624.33400000,672715.49135000,0
1727895600000,62.95000000,63.15000000,62.23000000,62.98000000,32989.66700000,1727899199999,2067932.76281000,19884,14478.42800000,907462.22899000,0
1727899200000,62.98000000,63.39000000,62.60000000,63.17000000,19521.40100000,1727902799999,1228803.57615000,16704,8370.32500000,527070.31405000,0
1727902800000,63.18000000,63.31000000,62.69000000,62.86000000,12838.15100000,1727906399999,807877.35879000,9937,5413.57600000,340660.57612000,0
1727906400000,62.87000000,62.93000000,62.23000000,62.89000000,20635.96700000,1727909999999,1292298.90853000,10427,8108.38800000,507616.48074000,0
1727910000000,62.89000000,63.02000000,62.77000000,62.95000000,9409.10600000,1727913599999,591894.13133000,5446,3859.44700000,242805.02228000,0
1727913600000,62.95000000,63.40000000,62.69000000,63.20000000,8933.05300000,1727917199999,563320.81765000,8382,4103.77900000,258919.90861000,0
1727917200000,63.19000000,63.71000000,63.17000000,63.67000000,10145.82100000,1727920799999,644446.44417000,6214,4937.30500000,313533.91098000,0
1727920800000,63.66000000,63.94000000,63.47000000,63.87000000,8347.47300000,1727924399999,531753.90786000,4470,3035.41200000,193447.80662000,0
1727924400000,63.86000000,63.97000000,63.70000000,63.95000000,24474.54500000,1727927999999,1562282.69468000,6995,14760.81300000,942085.62392000,0
1727928000000,63.94000000,63.94000000,63.58000000,63.71000000,17948.59900000,1727931599999,1144611.07603000,5734,10591.05100000,675356.58933000,0
1727931600000,63.71000000,63.76000000,63.32000000,63.55000000,24188.66400000,1727935199999,1536174.45135000,6977,15103.10700000,959074.33694000,0
1727935200000,63.54000000,63.92000000,63.46000000,63.83000000,9187.40000000,1727938799999,585658.23392000,5419,4135.81200000,263582.45531000,0
1727938800000,63.84000000,63.90000000,63.23000000,63.32000000,13019.59500000,1727942399999,828680.97856000,8289,4675.97300000,297622.32866000,0
1727942400000,63.32000000,63.41000000,62.50000000,62.71000000,22210.76200000,1727945999999,1396135.54375000,14173,8992.70400000,564973.63741000,0
1727946000000,62.70000000,63.28000000,61.92000000,63.21000000,19040.82200000,1727949599999,1189675.75837000,13389,8304.54200000,519286.92309000,0
1727949600000,63.21000000,63.44000000,62.92000000,63.43000000,7903.86100000,1727953199999,499534.76934000,6551,3742.33100000,236478.37040000,0
1727953200000,63.44000000,63.47000000,62.87000000,62.87000000,7929.25900000,1727956799999,500928.64136000,6130,2910.31700000,183895.87758000,0
1727956800000,62.88000000,63.11000000,62.43000000,63.04000000,15253.21600000,1727960399999,958151.69910000,8966,6280.22300000,394456.03907000,0
1727960400000,63.04000000,63.22000000,62.55000000,62.93000000,21406.25800000,1727963999999,1345735.29860000,13564,7674.23100000,482475.99939000,0
1727964000000,62.93000000,63.37000000,62.23000000,62.30000000,17969.17400000,1727967599999,1129127.12158000,14832,8728.24300000,548778.46197000,0
1727967600000,62.29000000,62.87000000,61.97000000,62.77000000,17288.44100000,1727971199999,1077884.10704000,13244,8165.28300000,509298.42727000,0
1727971200000,62.76000000,63.00000000,62.22000000,62.57000000,14676.28700000,1727974799999,918743.14897000,10964,6776.22900000,424315.16707000,0
1727974800000,62.56000000,63.18000000,62.20000000,63.00000000,13924.62200000,1727978399999,873882.63533000,10671,5416.95000000,340148.88023000,0
1727978400000,63.00000000,63.11000000,62.73000000,62.95000000,11447.24000000,1727981999999,720223.76029000,7706,3813.37300000,239993.09681000,0
1727982000000,62.95000000,63.37000000,62.79000000,63.37000000,10523.45200000,1727985599999,663727.97848000,7925,4939.97800000,311567.17101000,0
1727985600000,63.37000000,63.42000000,63.09000000,63.15000000,10893.13800000,1727989199999,688914.87921000,6116,3954.28900000,250204.52422000,0
1727989200000,63.15000000,63.45000000,62.95000000,63.37000000,8462.65200000,1727992799999,535205.71874000,5923,3990.82700000,252467.77012000,0
1727992800000,63.38000000,63.47000000,63.23000000,63.44000000,7984.61500000,1727996399999,506110.29807000,5496,3574.32300000,226597.16904000,0
1727996400000,63.44000000,63.47000000,63.25000000,63.44000000,15351.37000000,1727999999999,973778.39056000,5259,8643.81000000,548445.62620000,0
1728000000000,63.45000000,63.71000000,63.29000000,63.37000000,12959.20800000,1728003599999,823045.76439000,9031,6786.21900000,430977.56515000,0
1728003600000,63.37000000,64.41000000,63.33000000,64.38000000,12702.96500000,1728007199999,813121.13581000,9221,6008.32100000,384715.22601000,0
1728007200000,64.38000000,64.49000000,64.06000000,64.07000000,9200.55600000,1728010799999,591718.03183000,5138,3863.04500000,248498.34546000,0
1728010800000,64.06000000,64.22000000,63.78000000,64.05000000,6219.21400000,1728014399999,397811.03258000,4210,2290.48700000,146495.19621000,0
1728014400000,64.05000000,64.37000000,64.04000000,64.21000000,4248.08000000,1728017999999,272727.94963000,3726,2371.85600000,152273.29495000,0
1728018000000,64.21000000,64.50000000,64.19000000,64.48000000,7353.10400000,1728021599999,473551.41722000,4950,3712.31100000,239104.50532000,0
1728021600000,64.49000000,64.52000000,64.10000000,64.11000000,8131.90300000,1728025199999,523811.53006000,5467,3576.42900000,230450.85933000,0
1728025200000,64.10000000,64.49000000,64.04000000,64.39000000,8035.16900000,1728028799999,516672.75541000,5449,4508.26200000,289814.02432000,0
1728028800000,64.38000000,64.60000000,64.26000000,64.27000000,11990.59900000,1728032399999,773058.21362000,6483,7197.08300000,464137.96447000,0
1728032400000,64.27000000,64.59000000,64.23000000,64.34000000,6752.59100000,1728035999999,434967.06607000,5527,3726.03500000,239961.14038000,0
1728036000000,64.33000000,64.43000000,64.06000000,64.13000000,15998.32900000,1728039599999,1026398.46600000,5801,9153.57400000,587164.63322000,0
1728039600000,64.14000000,64.38000000,64.06000000,64.32000000,12207.12200000,1728043199999,783979.97813000,5688,5006.09200000,321560.27313000,0
1728043200000,64.32000000,64.48000000,63.88000000,64.47000000,14955.94200000,1728046799999,961078.47200000,11315,7206.72600000,463126.57390000,0
1728046800000,64.47000000,64.58000000,64.16000000,64.21000000,14104.29000000,1728050399999,907671.28263000,9885,5859.84800000,377098.94699000,0
1728050400000,64.22000000,64.26000000,63.81000000,64.25000000,15668.27700000,1728053999999,1003695.27230000,8756,8035.03900000,514718.10224000,0
1728054000000,64.26000000,64.56000000,64.25000000,64.56000000,9561.78200000,1728057599999,616059.93916000,7023,5690.30600000,366654.22228000,0
1728057600000,64.55000000,65.10000000,64.49000000,64.99000000,16814.27200000,1728061199999,1090544.01430000,10084,8217.51800000,532929.07953000,0
1728061200000,64.99000000,65.11000000,64.67000000,64.77000000,7817.17600000,1728064799999,507235.31993000,6270,3523.07100000,228602.82828000,0
1728064800000,64.77000000,65.12000000,64.73000000,65.11000000,6515.27200000,1728068399999,422996.25642000,5165,3532.78800000,229402.01323000,0
1728068400000,65.10000000,65.20000000,64.96000000,65.14000000,7344.95600000,1728071999999,477846.52165000,5110,3611.45200000,234939.67182000,0
1728072000000,65.15000000,65.15000000,64.85000000,65.05000000,5494.67600000,1728075599999,357298.41547000,5076,2616.96700000,170164.73148000,0
1728075600000,65.05000000,65.09000000,64.76000000,64.84000000,6020.50200000,1728079199999,390737.59778000,4674,2663.81600000,172861.15738000,0
1728079200000,64.85000000,64.96000000,64.80000000,64.95000000,5057.94300000,1728082799999,328291.17912000,4204,2065.95000000,134094.43143000,0
1728082800000,64.96000000,65.01000000,64.81000000,64.95000000,7546.22300000,1728086399999,489808.43069000,3479,3751.28700000,243521.59388000,0
1728086400000,64.95000000,65.37000000,64.94000000,65.37000000,6240.99300000,1728089999999,406493.30719000,3827,2546.19700000,165871.82882000,0
1728090000000,65.37000000,65.47000000,65.22000000,65.43000000,5735.47300000,1728093599999,374863.46644000,4807,2743.78500000,179330.04255000,0
1728093600000,65.43000000,65.44000000,64.95000000,64.98000000,4116.73000000,1728097199999,268350.81369000,4965,1971.17100000,128505.39996000,0
1728097200000,64.98000000,65.05000000,64.67000000,64.91000000,6518.09300000,1728100799999,422968.85907000,6309,2784.80600000,180702.59602000,0
1728100800000,64.91000000,65.35000000,64.86000000,65.30000000,4061.92600000,1728104399999,264562.63991000,3901,2428.61000000,158127.54412000,0
1728104400000,65.29000000,65.48000000,65.26000000,65.42000000,4561.49500000,1728107999999,298247.38394000,5506,1830.50300000,119711.13603000,0
1728108000000,65.43000000,65.56000000,65.29000000,65.55000000,4232.45000000,1728111599999,276912.70409000,4335,2605.28500000,170440.14634000,0
1728111600000,65.55000000,65.58000000,65.17000000,65.18000000,8449.39700000,1728115199999,552621.68993000,5130,3199.69900000,209298.51782000,0
1728115200000,65.18000000,65.51000000,65.18000000,65.50000000,3187.68400000,1728118799999,208417.41869000,4593,1670.64500000,109242.33629000,0
1728118800000,65.51000000,65.68000000,65.46000000,65.63000000,4982.51100000,1728122399999,326819.72951000,4599,2590.18100000,169903.77311000,0
1728122400000,65.62000000,65.66000000,65.49000000,65.55000000,7655.33300000,1728125999999,502008.37818000,5952,3828.25900000,251081.76489000,0
1728126000000,65.55000000,65.57000000,65.41000000,65.51000000,8126.02800000,1728129599999,532296.94720000,5235,3816.46200000,250006.59007000,0
1728129600000,65.52000000,65.81000000,65.52000000,65.81000000,7398.00500000,1728133199999,486192.72441000,6676,3772.89900000,247961.51289000,0
1728133200000,65.81000000,65.89000000,65.56000000,65.65000000,10599.77500000,1728136799999,696599.99124000,8215,4349.84000000,285949.53794000,0
1728136800000,65.66000000,65.87000000,65.61000000,65.67000000,8316.95300000,1728140399999,546570.19363000,7877,4328.61600000,284444.57605000,0
1728140400000,65.67000000,66.17000000,65.45000000,66.15000000,10827.20300000,1728143999999,712798.86012000,9184,6252.60000000,411542.13974000,0
1728144000000,66.14000000,66.21000000,65.77000000,65.85000000,13814.01900000,1728147599999,912099.55562000,9670,8347.84700000,551240.72786000,0
1728147600000,65.85000000,66.14000000,65.67000000,65.91000000,11338.44800000,1728151199999,746813.40480000,8968,6156.86900000,405440.60193000,0
1728151200000,65.91000000,66.36000000,65.76000000,65.93000000,24981.48400000,1728154799999,1652497.66209000,9196,12566.45000000,830767.36845000,0
1728154800000,65.93000000,66.00000000,65.36000000,65.52000000,24853.80000000,1728158399999,1629619.88905000,10200,8911.25500000,583902.26946000,0
1728158400000,65.51000000,65.60000000,65.07000000,65.13000000,8401.71000000,1728161999999,549039.31467000,7760,3942.29800000,257672.99420000,0
1728162000000,65.13000000,65.72000000,65.05000000,65.55000000,11062.08000000,1728165599999,723984.72890000,7577,7657.07700000,501161.53249000,0
1728165600000,65.55000000,66.26000000,65.53000000,66.24000000,6127.40500000,1728169199999,404084.31395000,5520,3486.19000000,229862.99511000,0
1728169200000,66.25000000,66.30000000,66.04000000,66.29000000,3991.31800000,1728172799999,264108.39225000,3799,1860.62600000,123114.31415000,0
1728172800000,66.30000000,66.50000000,66.11000000,66.33000000,6905.93200000,1728176399999,457954.51375000,5462,3606.68500000,239200.12661000,0
1728176400000,66.32000000,66.67000000,66.23000000,66.63000000,8983.19600000,1728179999999,597285.17501000,5325,3727.02100000,247797.79821000,0
1728180000000,66.65000000,66.72000000,66.41000000,66.48000000,5845.92800000,1728183599999,388959.03642000,4336,2536.56700000,168766.68621000,0
1728183600000,66.49000000,66.68000000,66.31000000,66.31000000,3854.98600000,1728187199999,256320.66260000,3950,1921.08900000,127764.08911000,0
1728187200000,66.31000000,66.66000000,66.30000000,66.50000000,6361.01400000,1728190799999,422589.62866000,4441,2362.26400000,157005.53815000,0
1728190800000,66.50000000,66.72000000,66.42000000,66.65000000,6066.15700000,1728194399999,403973.15893000,3765,2816.17500000,187534.74207000,0
1728194400000,66.64000000,66.84000000,66.58000000,66.64000000,6723.04600000,1728197999999,448524.54379000,4353,2398.51400000,160091.19598000,0
1728198000000,66.64000000,66.98000000,66.62000000,66.96000000,6297.76200000,1728201599999,420753.36932000,4210,3471.06600000,231875.28598000,0
1728201600000,66.96000000,67.15000000,66.71000000,67.03000000,8989.79500000,1728205199999,602430.22865000,6325,4204.56400000,281837.51953000,0
1728205200000,67.03000000,67.45000000,67.01000000,67.28000000,10142.49300000,1728208799999,682163.06651000,5939,5673.40900000,381744.82877000,0
1728208800000,67.28000000,67.60000000,67.11000000,67.45000000,21056.81400000,1728212399999,1417506.76614000,9134,10698.42700000,720318.05525000,0
1728212400000,67.45000000,67.65000000,67.28000000,67.51000000,9228.79800000,1728215999999,623045.64916000,6367,4597.82900000,310415.03552000,0
1728216000000,67.51000000,67.65000000,67.36000000,67.41000000,9379.04500000,1728219599999,632993.52353000,7578,5110.22100000,344931.22981000,0
1728219600000,67.42000000,67.54000000,67.23000000,67.45000000,9554.13900000,1728223199999,643892.51974000,8330,4963.97700000,334563.32509000,0
1728223200000,67.45000000,67.54000000,67.26000000,67.49000000,11247.83000000,1728226799999,757959.92889000,9359,4169.41800000,280961.62314000,0
1728226800000,67.49000000,67.55000000,67.27000000,67.35000000,12071.94100000,1728230399999,813426.18585000,9219,4728.26800000,318629.51399000,0
1728230400000,67.35000000,67.45000000,67.07000000,67.23000000,10791.32300000,1728233999999,725950.94231000,9764,5534.02500000,372340.22176000,0
1728234000000,67.24000000,67.39000000,67.07000000,67.15000000,9631.97000000,1728237599999,647525.08943000,7447,2953.22600000,198606.17723000,0
1728237600000,67.15000000,67.40000000,67.10000000,67.38000000,5604.30900000,1728241199999,377043.63084000,6433,3532.87800000,237695.79188000,0
1728241200000,67.38000000,67.44000000,67.21000000,67.23000000,7044.15300000,1728244799999,474469.55627000,7202,3787.93300000,255171.14531000,0
1728244800000,67.24000000,67.41000000,67.22000000,67.33000000,5246.12000000,1728248399999,353088.79236000,5523,2028.50000000,136533.12733000,0
1728248400000,67.33000000,67.38000000,66.82000000,66.88000000,8764.47200000,1728251999999,587927.44319000,7815,3263.91600000,218911.86953000,0
1728252000000,66.88000000,67.30000000,66.86000000,67.30000000,5638.24700000,1728255599999,378270.02499000,7421,2734.83100000,183483.60129000,0
1728255600000,67.30000000,67.43000000,66.99000000,67.02000000,10166.08800000,1728259199999,683147.62468000,11581,4259.02900000,286336.12159000,0
1728259200000,67.03000000,67.59000000,66.82000000,67.56000000,14732.39000000,1728262799999,991240.40458000,18419,7280.21900000,490121.19536000,0
1728262800000,67.56000000,67.98000000,67.53000000,67.88000000,12248.71300000,1728266399999,829623.65618000,11869,7472.89400000,506226.85501000,0
1728266400000,67.88000000,67.93000000,67.42000000,67.58000000,8038.25700000,1728269999999,544161.29934000,9670,3326.49800000,225137.47991000,0
1728270000000,67.57000000,67.77000000,67.34000000,67.68000000,6968.84500000,1728273599999,471051.24068000,9341,3221.59600000,217806.51315000,0
1728273600000,67.67000000,67.78000000,67.57000000,67.60000000,6443.74400000,1728277199999,436058.72781000,6411,3527.85500000,238726.41632000,0
1728277200000,67.60000000,67.82000000,67.56000000,67.61000000,4817.30800000,1728280799999,326064.68889000,6876,2315.28600000,156728.45694000,0
1728280800000,67.62000000,67.73000000,67.54000000,67.66000000,7532.32000000,1728284399999,509361.36723000,7740,4388.52900000,296780.63103000,0
1728284400000,67.66000000,67.71000000,67.24000000,67.41000000,9318.72800000,1728287999999,628459.91326000,7548,4605.91200000,310669.59983000,0
1728288000000,67.42000000,67.56000000,67.28000000,67.34000000,6766.40100000,1728291599999,456365.21713000,7106,3329.28700000,224552.61072000,0
1728291600000,67.33000000,67.34000000,66.48000000,66.73000000,24891.73600000,1728295199999,1665193.92425000,14824,12894.82400000,862357.46926000,0
1728295200000,66.72000000,66.72000000,66.00000000,66.19000000,15982.19800000,1728298799999,1059260.08821000,14198,7282.23200000,482747.82340000,0
1728298800000,66.19000000,66.48000000,65.92000000,66.47000000,14540.38800000,1728302399999,963250.83847000,13438,6351.09200000,420760.20398000,0
1728302400000,66.47000000,66.47000000,65.62000000,65.72000000,16171.32500000,1728305999999,1067536.19625000,14325,6463.55500000,426365.71549000,0
1728306000000,65.71000000,66.46000000,65.63000000,66.15000000,15957.78300000,1728309599999,1053545.16774000,15737,7697.13600000,508362.09961000,0
1728309600000,66.15000000,67.03000000,66.13000000,66.54000000,27012.57100000,1728313199999,1800760.40053000,29154,13333.35800000,888558.42644000,0
1728313200000,66.53000000,66.56000000,65.83000000,65.90000000,14913.85400000,1728316799999,986836.15717000,16055,6430.59700000,425535.42183000,0
1728316800000,65.90000000,66.36000000,65.56000000,66.26000000,15797.66400000,1728320399999,1042619.78977000,10977,6509.84600000,429420.75741000,0
1728320400000,66.26000000,66.26000000,65.85000000,66.00000000,8615.40500000,1728323999999,569044.10739000,8621,3701.49400000,244469.28000000,0
1728324000000,66.00000000,66.02000000,64.69000000,64.92000000,19230.25500000,1728327599999,1255404.79449000,16626,8254.13400000,538791.97485000,0
1728327600000,64.91000000,65.64000000,64.89000000,65.64000000,14344.86700000,1728331199999,936546.58219000,10031,8448.69900000,551491.58147000,0
1728331200000,65.64000000,66.07000000,65.55000000,65.65000000,26990.61400000,1728334799999,1777728.31090000,9757,12255.97700000,806817.79198000,0
1728334800000,65.64000000,65.84000000,65.55000000,65.64000000,6000.71900000,1728338399999,394026.10820000,5170,2720.17000000,178640.70179000,0
1728338400000,65.64000000,65.65000000,64.78000000,64.79000000,31073.92200000,1728341999999,2028541.92127000,10601,11593.23900000,756715.30955000,0
1728342000000,64.80000000,65.24000000,64.48000000,64.77000000,14615.62100000,1728345599999,948383.11872000,9508,5409.64500000,350888.08418000,0
1728345600000,64.77000000,65.20000000,64.74000000,65.11000000,10464.00700000,1728349199999,680317.02239000,7062,4774.42300000,310499.77446000,0
1728349200000,65.10000000,65.38000000,64.92000000,65.29000000,10510.76800000,1728352799999,684681.05809000,6222,5093.10000000,331702.14059000,0
1728352800000,65.29000000,65.43000000,65.00000000,65.33000000,8575.01600000,1728356399999,558926.67415000,5832,4044.24200000,263537.63521000,0
1728356400000,65.34000000,65.35000000,65.01000000,65.26000000,9755.82500000,1728359999999,635792.56814000,5061,5247.80800000,341973.77514000,0
1728360000000,65.26000000,65.41000000,65.12000000,65.38000000,4423.75800000,1728363599999,288997.55546000,3533,2424.76500000,158396.09390000,0
1728363600000,65.38000000,65.43000000,64.77000000,64.98000000,8680.35400000,1728367199999,564350.83729000,5807,4791.14000000,311467.41368000,0
1728367200000,64.98000000,65.33000000,64.73000000,65.12000000,12160.20300000,1728370799999,790835.21894000,6690,4728.39000000,307520.77508000,0
1728370800000,65.11000000,65.19000000,64.52000000,65.07000000,13657.26500000,1728374399999,887078.89491000,7193,8062.60900000,523832.92626000,0
1728374400000,65.07000000,65.25000000,64.89000000,65.04000000,7296.99200000,1728377999999,474919.01684000,4952,3093.23800000,201359.81724000,0
1728378000000,65.05000000,65.44000000,64.97000000,65.40000000,7029.80900000,1728381599999,458455.62846000,5742,4181.72100000,272706.58514000,0
1728381600000,65.40000000,65.54000000,65.30000000,65.50000000,6356.73100000,1728385199999,415662.81282000,4743,2984.12400000,195177.19771000,0
1728385200000,65.49000000,65.63000000,65.43000000,65.58000000,7837.80000000,1728388799999,513591.08249000,4821,3948.64400000,258743.33508000,0
1728388800000,65.58000000,65.61000000,65.37000000,65.50000000,8197.14100000,1728392399999,537145.71475000,4610,3140.71800000,205842.15265000,0
1728392400000,65.51000000,65.89000000,65.25000000,65.88000000,11841.49400000,1728395999999,777391.29032000,7485,5590.01500000,367055.11176000,0
1728396000000,65.89000000,65.99000000,65.41000000,65.90000000,19436.25500000,1728399599999,1278277.97148000,11401,10576.41100000,695704.55886000,0
1728399600000,65.90000000,65.99000000,64.96000000,65.55000000,16661.12700000,1728403199999,1091997.87961000,10535,8939.12900000,585572.51024000,0
1728403200000,65.55000000,66.00000000,65.30000000,65.79000000,13978.58100000,1728406799999,919011.28519000,8635,6617.84900000,435097.24660000,0
1728406800000,65.79000000,65.82000000,65.35000000,65.63000000,15410.70900000,1728410399999,1010293.58399000,7813,6570.45200000,430662.57443000,0
1728410400000,65.62000000,65.84000000,65.54000000,65.80000000,8005.03000000,1728413999999,525815.12792000,5879,3853.51500000,253170.63030000,0
1728414000000,65.81000000,65.87000000,65.43000000,65.68000000,8018.71100000,1728417599999,526632.06784000,5911,4516.30700000,296636.09313000,0
1728417600000,65.69000000,66.02000000,65.55000000,66.02000000,7089.05200000,1728421199999,466785.10892000,5033,3766.16200000,248017.24179000,0
1728421200000,66.02000000,66.16000000,65.97000000,66.08000000,6337.70000000,1728424799999,418819.24301000,5229,2612.18000000,172628.80406000,0
1728424800000,66.09000000,66.12000000,65.75000000,65.75000000,9364.46500000,1728428399999,617668.99530000,6726,3779.01100000,249271.07404000,0
1728428400000,65.76000000,65.77000000,65.48000000,65.69000000,6798.83100000,1728431999999,446287.37283000,5575,2811.00600000,184467.70766000,0
1728432000000,65.69000000,65.81000000,65.45000000,65.67000000,14335.63700000,1728435599999,941574.97352000,5622,8505.38700000,558705.40338000,0
1728435600000,65.67000000,65.97000000,65.59000000,65.85000000,10861.97400000,1728439199999,714460.01351000,5048,6505.82100000,427843.43263000,0
1728439200000,65.85000000,65.90000000,65.61000000,65.61000000,4821.38000000,1728442799999,317161.69363000,4197,2103.68000000,138405.52910000,0
1728442800000,65.61000000,65.79000000,65.40000000,65.61000000,5700.25500000,1728446399999,374220.09051000,4151,3217.20800000,211223.53321000,0
1728446400000,65.61000000,65.73000000,65.46000000,65.57000000,3725.76000000,1728449999999,244407.84483000,3058,1537.70300000,100874.12363000,0
1728450000000,65.57000000,65.88000000,65.54000000,65.88000000,5735.08100000,1728453599999,377046.84528000,3857,3157.71400000,207618.41359000,0
1728453600000,65.87000000,65.96000000,65.69000000,65.72000000,6392.19000000,1728457199999,420837.58572000,4304,3717.70900000,244816.57242000,0
1728457200000,65.71000000,65.88000000,65.62000000,65.79000000,6512.47600000,1728460799999,428086.98680000,4823,2947.27000000,193767.04871000,0
1728460800000,65.79000000,65.90000000,65.57000000,65.62000000,22435.76600000,1728464399999,1474513.02953000,8289,6791.14300000,446316.99401000,0
1728464400000,65.62000000,65.80000000,65.58000000,65.75000000,5938.29500000,1728467999999,390234.16456000,4599,3141.45500000,206455.62656000,0
1728468000000,65.74000000,65.75000000,65.47000000,65.60000000,6891.64000000,1728471599999,452114.40297000,4543,3106.08200000,203818.16833000,0
1728471600000,65.60000000,65.75000000,65.45000000,65.69000000,8060.03000000,1728475199999,528777.48080000,4867,3459.66000000,227036.94872000,0
1728475200000,65.69000000,65.72000000,64.90000000,65.15000000,24874.02600000,1728478799999,1624644.93274000,8951,10261.82200000,669978.34734000,0
1728478800000,65.15000000,65.21000000,64.80000000,64.85000000,10907.13500000,1728482399999,709241.32996000,7861,5716.84200000,371782.16948000,0
1728482400000,64.85000000,65.19000000,64.78000000,65.04000000,9183.78400000,1728485999999,596699.54142000,6309,4572.09600000,297069.46079000,0
1728486000000,65.03000000,65.65000000,65.03000000,65.27000000,23105.81100000,1728489599999,1512352.53849000,7828,16354.66000000,1070570.00806000,0
1728489600000,65.27000000,65.31000000,64.78000000,64.91000000,14801.42800000,1728493199999,961794.32354000,8265,6398.63900000,415746.82860000,0
1728493200000,64.91000000,65.10000000,64.79000000,65.03000000,6683.87900000,1728496799999,434056.02061000,5331,3251.73300000,211217.04763000,0
1728496800000,65.03000000,65.22000000,64.78000000,65.20000000,12857.32300000,1728500399999,836265.85642000,8506,5928.97400000,385641.98310000,0
1728500400000,65.19000000,65.35000000,64.80000000,64.87000000,29811.55000000,1728503999999,1942193.87233000,8480,12986.38000000,845598.98339000,0
1728504000000,64.86000000,64.97000000,64.24000000,64.30000000,19369.79900000,1728507599999,1251416.45660000,10480,8165.35300000,527695.31940000,0
1728507600000,64.29000000,64.52000000,64.18000000,64.41000000,32414.30100000,1728511199999,2084753.96806000,8704,15054.48700000,968211.17339000,0
1728511200000,64.41000000,64.43000000,64.11000000,64.43000000,10063.72400000,1728514799999,646780.36582000,5558,4594.01900000,295257.55676000,0
1728514800000,64.43000000,64.71000000,64.39000000,64.59000000,5456.80200000,1728518399999,352412.98706000,4574,2640.89400000,170563.29602000,0
1728518400000,64.59000000,64.60000000,64.15000000,64.49000000,6502.81100000,1728521999999,418704.48482000,5285,3042.73500000,195870.79251000,0
1728522000000,64.49000000,64.90000000,64.49000000,64.79000000,9228.18200000,1728525599999,597711.98715000,5815,4654.89900000,301510.52282000,0
1728525600000,64.79000000,64.99000000,64.74000000,64.95000000,6658.09000000,1728529199999,431808.19188000,4244,4085.62600000,265008.22766000,0
1728529200000,64.95000000,65.01000000,64.87000000,64.89000000,2760.95700000,1728532799999,179319.66801000,2663,1442.24400000,93682.43228000,0
1728532800000,64.89000000,64.95000000,64.75000000,64.82000000,3562.18300000,1728536399999,231004.82439000,2465,1686.77000000,109411.92104000,0
1728536400000,64.82000000,65.09000000,64.72000000,64.97000000,7691.97300000,1728539999999,499180.18231000,4450,4494.45900000,291665.43295000,0
1728540000000,64.97000000,65.08000000,64.87000000,64.96000000,4653.47800000,1728543599999,302372.63884000,3687,2198.50900000,142878.88084000,0
1728543600000,64.95000000,64.97000000,64.68000000,64.69000000,8130.37700000,1728547199999,527241.76891000,4237,3071.91600000,199138.85730000,0
1728547200000,64.69000000,64.97000000,64.64000000,64.79000000,5028.04400000,1728550799999,325890.10688000,4566,2535.60400000,164380.47114000,0
1728550800000,64.79000000,64.97000000,64.50000000,64.66000000,10050.39600000,1728554399999,650651.87693000,6193,4385.94100000,284005.93874000,0
1728554400000,64.65000000,64.80000000,64.56000000,64.56000000,19946.64900000,1728557999999,1290439.68441000,4859,13242.59100000,856880.57850000,0
1728558000000,64.57000000,64.72000000,64.39000000,64.46000000,7930.77000000,1728561599999,512233.09847000,5205,3885.05300000,250987.10367000,0
1728561600000,64.47000000,64.52000000,63.88000000,64.35000000,12960.01800000,1728565199999,832254.12624000,8089,5246.10600000,336949.07477000,0
1728565200000,64.34000000,64.56000000,63.97000000,64.24000000,13852.88700000,1728568799999,890623.29467000,7807,6108.59900000,392798.22117000,0
1728568800000,64.23000000,64.32000000,63.93000000,64.17000000,7440.89900000,1728572399999,477036.32752000,6213,3745.84900000,240172.02196000,0
1728572400000,64.16000000,64.43000000,63.96000000,64.41000000,8847.93700000,1728575999999,567830.02370000,5677,4663.23600000,299335.79074000,0
1728576000000,64.41000000,64.66000000,64.26000000,64.28000000,10022.30500000,1728579599999,646273.09876000,6638,4349.96700000,280531.94562000,0
1728579600000,64.31000000,64.58000000,63.65000000,63.87000000,17434.11700000,1728583199999,1119497.11361000,9165,8122.28700000,521641.89286000,0
1728583200000,63.88000000,64.13000000,63.22000000,64.12000000,18541.39800000,1728586799999,1180482.98964000,10536,9154.83100000,582812.74648000,0
1728586800000,64.12000000,64.22000000,63.89000000,64.18000000,7429.07600000,1728590399999,475838.76459000,4583,3894.08000000,249436.95330000,0
1728590400000,64.18000000,64.32000000,64.01000000,64.13000000,10254.93300000,1728593999999,657404.43934000,5481,3648.35700000,233906.44314000,0
1728594000000,64.13000000,64.13000000,63.81000000,64.09000000,6919.00500000,1728597599999,442542.60473000,4585,2428.42800000,155315.62334000,0
1728597600000,64.10000000,64.13000000,63.86000000,64.10000000,7796.35500000,1728601199999,498912.86262000,3561,2254.20600000,144271.45322000,0
1728601200000,64.10000000,64.36000000,64.10000000,64.32000000,5257.54000000,1728604799999,337907.80122000,3346,2282.02200000,146655.44844000,0
1728604800000,64.32000000,64.58000000,64.30000000,64.50000000,4209.55200000,1728608399999,271291.20492000,3750,2097.69000000,135176.04071000,0
1728608400000,64.49000000,64.80000000,64.35000000,64.68000000,6012.38100000,1728611999999,388595.35100000,3516,3877.88400000,250765.34203000,0
1728612000000,64.67000000,64.90000000,64.64000000,64.86000000,8548.54800000,1728615599999,553564.84354000,3806,5226.76300000,338582.72609000,0
1728615600000,64.87000000,65.18000000,64.87000000,65.00000000,5993.48400000,1728619199999,389757.49011000,3550,2747.54300000,178685.79258000,0
1728619200000,65.01000000,65.13000000,64.81000000,64.93000000,6489.55000000,1728622799999,421527.18842000,2914,2952.33300000,191831.38330000,0
1728622800000,64.94000000,65.05000000,64.64000000,64.71000000,6777.84800000,1728626399999,439168.12114000,3692,1932.12000000,125226.42269000,0
1728626400000,64.71000000,64.98000000,64.70000000,64.72000000,3932.17600000,1728629999999,254949.25713000,3140,1502.77000000,97435.74149000,0
1728630000000,64.72000000,64.77000000,64.60000000,64.60000000,6607.62800000,1728633599999,427348.07975000,4415,3563.68100000,230480.44502000,0
1728633600000,64.61000000,64.96000000,64.60000000,64.92000000,5268.53300000,1728637199999,341517.49087000,3293,2860.62000000,185459.38274000,0
1728637200000,64.93000000,65.27000000,64.92000000,65.25000000,5501.54300000,1728640799999,358285.09100000,4244,3063.29200000,199522.13502000,0
1728640800000,65.24000000,65.34000000,65.12000000,65.13000000,7051.35100000,1728644399999,459811.14745000,4848,3569.39900000,232818.89719000,0
1728644400000,65.13000000,65.27000000,65.08000000,65.14000000,8254.62000000,1728647999999,537979.73808000,4677,4374.94200000,285131.48304000,0
1728648000000,65.14000000,65.31000000,64.95000000,65.12000000,9495.63400000,1728651599999,618340.40901000,5673,3539.43000000,230603.67190000,0
1728651600000,65.12000000,65.22000000,64.87000000,65.14000000,16271.14000000,1728655199999,1058125.77243000,7423,7650.93000000,497650.43375000,0
1728655200000,65.15000000,65.34000000,65.09000000,65.19000000,14485.75800000,1728658799999,944661.60319000,6994,8330.12200000,543279.02249000,0
1728658800000,65.19000000,65.50000000,65.13000000,65.40000000,13731.95900000,1728662399999,897719.21825000,6714,6402.68200000,418488.15953000,0
1728662400000,65.41000000,65.62000000,65.32000000,65.48000000,10207.63200000,1728665999999,668264.09005000,6177,5114.88500000,334849.52427000,0
1728666000000,65.48000000,65.75000000,65.40000000,65.75000000,8984.51500000,1728669599999,589233.08221000,5922,4632.85900000,303832.92819000,0
1728669600000,65.74000000,65.81000000,65.70000000,65.78000000,5747.15600000,1728673199999,377936.01410000,4376,2839.19300000,186716.57068000,0
1728673200000,65.78000000,65.92000000,65.67000000,65.77000000,30098.36100000,1728676799999,1979630.95807000,6037,22611.96900000,1487218.06501000,0
1728676800000,65.77000000,65.81000000,65.62000000,65.65000000,5621.89800000,1728680399999,369239.19403000,3518,2823.26300000,185421.59696000,0
1728680400000,65.64000000,65.80000000,65.52000000,65.59000000,7694.92600000,1728683999999,505123.52447000,4643,3879.41100000,254706.81652000,0
1728684000000,65.59000000,65.69000000,65.43000000,65.55000000,10079.38600000,1728687599999,660701.90834000,4946,3595.22300000,235672.30460000,0
1728687600000,65.55000000,65.60000000,65.46000000,65.58000000,6143.76600000,1728691199999,402597.04012000,2956,3241.33100000,212438.59489000,0
1728691200000,65.59000000,65.75000000,65.55000000,65.70000000,5244.95200000,1728694799999,344350.19691000,3549,2153.08200000,141365.18225000,0
1728694800000,65.70000000,65.79000000,65.51000000,65.66000000,5470.74200000,1728698399999,359237.13772000,4125,2104.86500000,138248.42405000,0
1728698400000,65.66000000,65.68000000,65.25000000,65.28000000,5306.39500000,1728701999999,347161.28517000,3339,2061.03900000,134855.19297000,0
1728702000000,65.27000000,65.37000000,65.07000000,65.21000000,5766.47400000,1728705599999,376274.98263000,3530,2128.09600000,138867.09376000,0
1728705600000,65.22000000,65.46000000,65.21000000,65.42000000,4400.35100000,1728709199999,287410.05473000,3356,2495.08400000,162964.65169000,0
1728709200000,65.43000000,65.62000000,65.39000000,65.59000000,5217.46500000,1728712799999,341684.39453000,3282,2567.66100000,168142.72700000,0
1728712800000,65.60000000,65.71000000,65.49000000,65.71000000,4155.92800000,1728716399999,272698.72493000,3128,2449.17100000,160725.07267000,0
1728716400000,65.71000000,66.00000000,65.67000000,65.96000000,8862.57400000,1728719999999,583688.11463000,5847,5452.47600000,359027.68752000,0
1728720000000,65.95000000,66.21000000,65.92000000,66.14000000,6760.53800000,1728723599999,446621.84089000,4953,3850.24300000,254339.59177000,0
1728723600000,66.13000000,66.40000000,66.12000000,66.39000000,5238.02800000,1728727199999,347090.66926000,4098,3144.60800000,208374.73842000,0
1728727200000,66.39000000,66.45000000,66.24000000,66.45000000,7726.86600000,1728730799999,512811.08401000,4323,4238.98700000,281339.86479000,0
1728730800000,66.44000000,66.50000000,66.24000000,66.34000000,7903.54500000,1728734399999,524854.43170000,4529,4030.23500000,267685.36437000,0
1728734400000,66.34000000,66.56000000,66.32000000,66.45000000,7951.13600000,1728737999999,528116.64532000,5503,4640.88400000,308236.24464000,0
1728738000000,66.44000000,66.58000000,66.35000000,66.54000000,9258.24300000,1728741599999,615620.08600000,6311,4219.68100000,280581.21112000,0
1728741600000,66.55000000,66.65000000,66.30000000,66.35000000,9474.86800000,1728745199999,630011.21779000,6189,4108.38100000,273168.16318000,0
1728745200000,66.35000000,66.48000000,66.18000000,66.37000000,12990.25500000,1728748799999,861623.33292000,7622,6730.66800000,446490.09241000,0
1728748800000,66.37000000,66.60000000,66.26000000,66.27000000,6596.38400000,1728752399999,438466.27862000,5300,3061.80700000,203530.37204000,0
1728752400000,66.26000000,66.48000000,66.20000000,66.24000000,8267.94500000,1728755999999,548233.34889000,5174,3532.41300000,234300.42003000,0
1728756000000,66.25000000,66.37000000,66.15000000,66.23000000,6836.34600000,1728759599999,452853.39337000,4854,3566.03200000,236251.27090000,0
1728759600000,66.23000000,66.32000000,66.20000000,66.25000000,4887.67600000,1728763199999,323857.50551000,3948,2498.52700000,165553.83589000,0
1728763200000,66.25000000,66.40000000,66.23000000,66.37000000,3626.57000000,1728766799999,240471.83021000,3131,2309.02000000,153102.77272000,0
1728766800000,66.37000000,66.41000000,66.18000000,66.29000000,5824.94400000,1728770399999,386149.91691000,3771,2445.09700000,162074.41536000,0
1728770400000,66.29000000,66.37000000,66.16000000,66.30000000,4997.37900000,1728773999999,331133.83879000,4542,2802.78700000,185735.90459000,0
1728774000000,66.31000000,66.35000000,66.18000000,66.19000000,3835.04200000,1728777599999,254025.99393000,2817,1726.99000000,114409.94158000,0
1728777600000,66.19000000,66.30000000,66.01000000,66.01000000,6419.84600000,1728781199999,424763.13444000,3257,3960.38700000,262057.11347000,0
1728781200000,66.02000000,66.04000000,65.60000000,65.67000000,11809.38900000,1728784799999,776440.25117000,6383,4973.53100000,326938.48392000,0
1728784800000,65.67000000,65.82000000,65.58000000,65.79000000,5230.06400000,1728788399999,343612.13059000,3852,2440.23500000,160340.64177000,0
1728788400000,65.80000000,65.82000000,65.49000000,65.53000000,3727.29400000,1728791999999,244548.13034000,3802,1650.13300000,108261.32154000,0
1728792000000,65.53000000,65.89000000,65.52000000,65.78000000,6951.42000000,1728795599999,457229.06592000,3519,4100.04800000,269624.36411000,0
1728795600000,65.79000000,65.92000000,65.71000000,65.74000000,4340.65000000,1728799199999,285656.86161000,2796,2046.17900000,134676.68128000,0
1728799200000,65.75000000,65.76000000,65.56000000,65.69000000,3935.37400000,1728802799999,258420.04488000,2834,2426.85000000,159380.26979000,0
1728802800000,65.70000000,65.71000000,65.50000000,65.68000000,3936.35400000,1728806399999,258212.14733000,3364,2185.83800000,143378.75477000,0
1728806400000,65.67000000,65.67000000,65.33000000,65.36000000,10247.09100000,1728809999999,671025.27229000,6175,4962.64300000,324995.02499000,0
1728810000000,65.35000000,65.68000000,65.33000000,65.63000000,5133.33600000,1728813599999,336410.83638000,4032,3130.38100000,205175.84627000,0
1728813600000,65.62000000,65.63000000,65.32000000,65.34000000,4076.62700000,1728817199999,267070.36508000,4034,1910.47200000,125174.72921000,0
1728817200000,65.35000000,65.49000000,65.06000000,65.08000000,6718.06100000,1728820799999,438277.13098000,5518,2830.54300000,184727.63186000,0
1728820800000,65.09000000,65.43000000,65.08000000,65.37000000,6851.11500000,1728824399999,447543.20201000,4979,3980.83500000,260014.13818000,0
1728824400000,65.37000000,65.50000000,65.29000000,65.38000000,5126.73600000,1728827999999,335347.47863000,4727,2844.72900000,186092.05230000,0
1728828000000,65.38000000,65.38000000,64.87000000,64.93000000,8422.48100000,1728831599999,548673.25736000,6446,3552.92300000,231439.09579000,0
1728831600000,64.92000000,65.09000000,64.49000000,64.68000000,14794.07300000,1728835199999,957143.83144000,8083,7083.81200000,458423.90861000,0
1728835200000,64.67000000,65.11000000,64.59000000,65.01000000,9559.47700000,1728838799999,620514.59183000,5796,4048.40000000,262766.85596000,0
1728838800000,65.02000000,65.08000000,64.58000000,64.69000000,4625.11800000,1728842399999,300085.34161000,4365,2596.40900000,168415.49823000,0
1728842400000,64.69000000,64.74000000,64.43000000,64.55000000,5342.36800000,1728845999999,345086.99652000,4427,2823.63500000,182408.39209000,0
1728846000000,64.55000000,64.76000000,64.48000000,64.70000000,8319.63400000,1728849599999,537793.94095000,5476,4424.53300000,285971.40245000,0
1728849600000,64.71000000,64.75000000,64.59000000,64.73000000,6567.14600000,1728853199999,424604.97095000,4689,3014.25200000,194900.64987000,0
1728853200000,64.73000000,64.98000000,64.68000000,64.86000000,12110.48300000,1728856799999,785034.06673000,5972,6541.03500000,424064.82432000,0
1728856800000,64.86000000,65.05000000,64.64000000,64.91000000,9772.25300000,1728860399999,634174.36522000,6318,4875.50700000,316402.90095000,0
1728860400000,64.91000000,64.91000000,64.63000000,64.80000000,5816.54900000,1728863999999,376503.27827000,4002,2471.33600000,159975.33207000,0
1728864000000,64.80000000,64.82000000,64.24000000,64.29000000,10538.79700000,1728867599999,679487.95816000,4906,3423.89500000,220751.25344000,0
1728867600000,64.28000000,64.78000000,64.25000000,64.49000000,8128.79900000,1728871199999,524914.34823000,4372,5222.48500000,337093.14522000,0
1728871200000,64.49000000,64.49000000,64.12000000,64.33000000,5412.83000000,1728874799999,347932.09098000,4207,2356.96300000,151497.64285000,0
1728874800000,64.34000000,65.57000000,64.31000000,65.52000000,21014.81000000,1728878399999,1368535.30205000,9903,11720.44100000,763574.08969000,0
1728878400000,65.51000000,65.88000000,65.25000000,65.45000000,23830.43700000,1728881999999,1563210.43989000,9900,11676.56000000,766123.18408000,0
1728882000000,65.46000000,65.54000000,65.21000000,65.38000000,12236.69100000,1728885599999,799962.67895000,5549,6215.00200000,406292.02295000,0
1728885600000,65.37000000,65.53000000,65.23000000,65.44000000,6539.71700000,1728889199999,427612.58783000,4000,3699.19700000,241938.53810000,0
1728889200000,65.43000000,65.60000000,65.30000000,65.56000000,11480.07100000,1728892799999,751436.91877000,6107,7601.51700000,497650.23711000,0
1728892800000,65.56000000,65.68000000,65.25000000,65.55000000,17296.87100000,1728896399999,1132293.84001000,7613,8213.58500000,537713.84995000,0
1728896400000,65.55000000,65.90000000,65.39000000,65.88000000,10870.67500000,1728899999999,713941.48371000,6667,5574.23200000,366049.93603000,0
1728900000000,65.89000000,66.00000000,65.77000000,65.80000000,13090.36400000,1728903599999,862466.75761000,5880,4999.99800000,329453.76062000,0
1728903600000,65.80000000,66.04000000,65.73000000,65.91000000,13561.75700000,1728907199999,894066.48438000,5583,8477.99100000,558999.70194000,0
1728907200000,65.90000000,66.00000000,65.71000000,65.97000000,14731.28800000,1728910799999,970184.36526000,6555,7947.52800000,523502.36998000,0
1728910800000,65.97000000,66.44000000,65.81000000,66.42000000,15907.41200000,1728914399999,1050596.84254000,8752,9509.03700000,627899.72782000,0
1728914400000,66.42000000,66.98000000,66.42000000,66.60000000,33051.51600000,1728917999999,2205650.06661000,16148,17553.69900000,1171573.74255000,0
1728918000000,66.60000000,67.11000000,66.53000000,66.94000000,34460.88000000,1728921599999,2304884.99519000,9921,16736.94600000,1119450.82035000,0
1728921600000,66.94000000,67.26000000,66.61000000,66.66000000,22563.39300000,1728925199999,1508492.47898000,9208,11713.26200000,783426.68740000,0
1728925200000,66.66000000,66.86000000,66.35000000,66.58000000,25006.04600000,1728928799999,1663732.02515000,8925,10974.10000000,729923.77766000,0
1728928800000,66.58000000,67.06000000,66.50000000,66.98000000,20733.52000000,1728932399999,1386104.19965000,7585,13345.34600000,892204.67357000,0
1728932400000,66.98000000,67.06000000,66.78000000,66.87000000,12064.96200000,1728935999999,807506.41158000,7721,7450.96500000,498711.97895000,0
1728936000000,66.87000000,67.02000000,66.75000000,66.77000000,9971.95500000,1728939599999,667115.75085000,4661,4036.34400000,270046.74373000,0
1728939600000,66.77000000,66.82000000,66.50000000,66.65000000,16754.94300000,1728943199999,1116446.92900000,5589,8897.93600000,592917.43262000,0
1728943200000,66.65000000,67.29000000,66.63000000,67.28000000,18829.18900000,1728946799999,1262601.73072000,8827,9283.05500000,622343.64655000,0
1728946800000,67.26000000,67.37000000,66.79000000,66.83000000,14395.64400000,1728950399999,965194.96073000,6859,7495.33600000,502410.64577000,0
1728950400000,66.84000000,67.71000000,66.82000000,67.52000000,22013.15100000,1728953999999,1480055.08472000,10034,13198.29800000,886727.38916000,0
1728954000000,67.52000000,67.85000000,67.19000000,67.42000000,15525.32300000,1728957599999,1048482.97718000,7670,10106.46100000,682693.82054000,0
1728957600000,67.42000000,67.56000000,67.25000000,67.32000000,7788.26700000,1728961199999,524836.24877000,4284,5025.97400000,338661.48317000,0
1728961200000,67.31000000,67.36000000,66.70000000,66.85000000,11888.06300000,1728964799999,796809.40303000,7137,5968.84300000,400319.80180000,0
1728964800000,66.84000000,67.30000000,66.68000000,67.15000000,10512.88000000,1728968399999,704087.45239000,5058,5260.91900000,352389.22921000,0
1728968400000,67.15000000,67.20000000,66.54000000,66.79000000,16390.12400000,1728971999999,1094554.59795000,7419,8879.37800000,593023.69958000,0
1728972000000,66.80000000,67.04000000,66.63000000,67.00000000,9070.54100000,1728975599999,606577.48357000,4682,5051.08300000,337863.30225000,0
1728975600000,67.00000000,67.15000000,66.86000000,66.88000000,8293.30500000,1728979199999,555762.30177000,3843,4194.11200000,281138.63830000,0
1728979200000,66.88000000,67.15000000,66.88000000,67.10000000,8677.86900000,1728982799999,581848.30439000,4720,4636.90200000,310918.81336000,0
1728982800000,67.10000000,67.13000000,66.81000000,66.81000000,24366.30800000,1728986399999,1631472.09190000,7641,10996.71900000,736439.13228000,0
1728986400000,66.81000000,67.18000000,66.78000000,67.05000000,8892.37400000,1728989999999,595985.23205000,5541,5689.13200000,381340.77743000,0
1728990000000,67.04000000,67.20000000,65.73000000,66.05000000,26843.54200000,1728993599999,1784977.71618000,12685,13827.15000000,920169.02239000,0
1728993600000,66.04000000,67.12000000,66.00000000,67.12000000,21401.92800000,1728997199999,1425976.71634000,10232,11627.41000000,774694.62607000,0
1728997200000,67.12000000,68.06000000,66.72000000,67.97000000,34140.78200000,1729000799999,2303939.31336000,13339,20027.29200000,1351911.62231000,0
1729000800000,67.97000000,68.23000000,65.87000000,66.28000000,72664.04500000,1729004399999,4858702.14540000,29011,33092.45000000,2215824.97196000,0
1729004400000,66.29000000,66.62000000,65.27000000,66.26000000,37758.81200000,1729007999999,2491329.45419000,18703,20412.94400000,1346828.12347000,0
1729008000000,66.26000000,72.00000000,66.19000000,69.74000000,451283.82500000,1729011599999,31450785.44408000,112042,235116.03100000,16375445.39131000,0
1729011600000,69.76000000,70.11000000,68.47000000,68.72000000,85954.66200000,1729015199999,5932142.62817000,23117,46552.93900000,3212900.51581000,0
1729015200000,68.73000000,69.47000000,68.53000000,69.21000000,32354.44700000,1729018799999,2231487.69280000,12082,15527.63700000,1070933.97823000,0
1729018800000,69.22000000,69.80000000,68.91000000,69.73000000,27507.96600000,1729022399999,1907347.37248000,11575,14279.98100000,990751.68767000,0
1729022400000,69.72000000,69.74000000,68.71000000,69.13000000,32591.69600000,1729025999999,2256002.70163000,16879,17765.15300000,1229659.33516000,0
1729026000000,69.13000000,70.47000000,69.07000000,70.40000000,30650.47600000,1729029599999,2138805.88665000,13540,14571.26400000,1017027.22178000,0
1729029600000,70.40000000,70.53000000,69.82000000,70.18000000,27103.46800000,1729033199999,1901516.99502000,10410,13790.89300000,967203.37022000,0
1729033200000,70.19000000,70.99000000,69.98000000,70.87000000,28641.29100000,1729036799999,2018792.01900000,11141,16802.53000000,1184330.62013000,0
1729036800000,70.87000000,73.07000000,70.87000000,71.90000000,118285.10800000,1729040399999,8531327.24521000,37718,65482.80300000,4716498.07066000,0
1729040400000,71.88000000,72.83000000,71.42000000,72.38000000,53647.29100000,1729043999999,3867959.56627000,19381,27472.17500000,1980362.22603000,0
1729044000000,72.37000000,72.63000000,71.53000000,71.53000000,25386.47500000,1729047599999,1824355.11133000,11579,9777.86700000,702596.01828000,0
1729047600000,71.53000000,72.14000000,71.51000000,71.58000000,26033.37400000,1729051199999,1871473.96003000,10593,15223.52500000,1094524.25872000,0
1729051200000,71.58000000,72.07000000,71.04000000,71.27000000,30437.58000000,1729054799999,2179840.48913000,12124,14205.57400000,1017430.57671000,0
1729054800000,71.27000000,71.90000000,71.15000000,71.75000000,18033.31300000,1729058399999,1289697.10580000,8275,11386.83600000,814561.99051000,0
1729058400000,71.76000000,71.95000000,71.13000000,71.31000000,23916.24700000,1729061999999,1708048.88694000,9347,13170.89900000,940357.97522000,0
1729062000000,71.31000000,71.31000000,70.47000000,70.86000000,27366.45500000,1729065599999,1936079.53713000,10127,13213.38600000,934711.93574000,0
1729065600000,70.86000000,71.11000000,70.48000000,70.60000000,31762.67100000,1729069199999,2248934.57581000,7503,18711.24400000,1325242.41356000,0
1729069200000,70.60000000,71.36000000,70.46000000,71.21000000,36494.42500000,1729072799999,2584081.78496000,8201,18860.32300000,1335719.51048000,0
1729072800000,71.24000000,71.64000000,71.08000000,71.49000000,23356.75600000,1729076399999,1669079.20374000,6995,10893.75800000,778633.45189000,0
1729076400000,71.47000000,71.80000000,70.95000000,71.54000000,33477.64800000,1729079999999,2389578.86387000,9262,15839.04100000,1131170.58483000,0
1729080000000,71.54000000,72.09000000,70.76000000,70.87000000,52578.84600000,1729083599999,3752363.32938000,11288,17525.98100000,1251214.21868000,0
1729083600000,70.87000000,71.11000000,70.26000000,70.39000000,25943.53600000,1729087199999,1832443.85626000,8344,12387.26800000,875084.80461000,0
1729087200000,70.40000000,71.16000000,69.65000000,70.17000000,24427.79900000,1729090799999,1717438.87256000,9681,12997.31600000,914071.97659000,0
1729090800000,70.18000000,70.25000000,69.75000000,69.92000000,15079.43100000,1729094399999,1055845.51480000,6710,6284.58500000,440095.75749000,0
1729094400000,69.94000000,70.20000000,69.32000000,70.08000000,21408.89600000,1729097999999,1493679.79966000,9065,8589.27700000,599528.40737000,0
1729098000000,70.09000000,70.55000000,69.91000000,70.34000000,16781.52500000,1729101599999,1177956.22619000,6805,10829.54400000,760175.52286000,0
1729101600000,70.31000000,70.59000000,70.22000000,70.25000000,7533.53100000,1729105199999,530303.22959000,4482,3946.03400000,277796.32279000,0
1729105200000,70.26000000,70.47000000,70.15000000,70.27000000,9461.95700000,1729108799999,665353.31735000,3503,4396.78200000,309264.83678000,0
1729108800000,70.27000000,70.55000000,70.02000000,70.04000000,11027.86700000,1729112399999,775620.22443000,3403,5282.20900000,371656.64803000,0
1729112400000,70.04000000,70.23000000,69.87000000,69.91000000,7750.22100000,1729115999999,542621.73794000,2895,2865.00500000,200668.57755000,0
1729116000000,69.91000000,70.33000000,69.89000000,70.10000000,9235.67100000,1729119599999,647991.08223000,2984,4225.99800000,296540.02029000,0
1729119600000,70.10000000,70.18000000,69.83000000,70.08000000,9839.84300000,1729123199999,688817.70749000,3135,4863.79900000,340539.69032000,0
1729123200000,70.08000000,70.61000000,69.87000000,70.31000000,11913.76800000,1729126799999,837155.32195000,3656,6258.73000000,439844.08726000,0
1729126800000,70.31000000,70.78000000,70.23000000,70.71000000,11821.03400000,1729130399999,833579.91164000,3354,6162.95000000,434745.78911000,0
1729130400000,70.71000000,70.83000000,70.30000000,70.37000000,6282.82400000,1729133999999,443084.64286000,2766,2592.20300000,182826.95033000,0
1729134000000,70.38000000,70.91000000,70.34000000,70.82000000,7968.71900000,1729137599999,564007.25814000,3053,4309.78600000,305020.42830000,0
1729137600000,70.82000000,71.00000000,70.49000000,70.74000000,9172.02700000,1729141199999,648784.56781000,2970,4083.88000000,288965.02876000,0
1729141200000,70.75000000,70.95000000,70.42000000,70.47000000,11144.75200000,1729144799999,788547.26949000,3599,3697.14500000,261647.92134000,0
1729144800000,70.47000000,71.29000000,70.28000000,70.94000000,12933.99500000,1729148399999,916586.54158000,4520,6597.09700000,467590.25148000,0
1729148400000,70.94000000,71.09000000,70.50000000,71.06000000,17053.01700000,1729151999999,1208205.37361000,5477,7412.11300000,525216.14959000,0
1729152000000,71.06000000,71.30000000,70.81000000,70.97000000,19815.55500000,1729155599999,1406684.93079000,5019,12003.06200000,852024.22414000,0
1729155600000,70.95000000,71.36000000,70.93000000,71.24000000,10942.41800000,1729159199999,778756.64815000,4234,5395.82500000,384035.03645000,0
1729159200000,71.25000000,71.46000000,70.43000000,71.24000000,25474.99400000,1729162799999,1809311.38779000,7361,11673.26400000,828935.58998000,0
1729162800000,71.24000000,71.51000000,70.57000000,70.74000000,19970.00700000,1729166399999,1417513.60790000,5885,7739.06100000,549208.22337000,0
1729166400000,70.73000000,71.59000000,70.68000000,71.57000000,22016.51000000,1729169999999,1566818.53904000,6623,10814.22100000,769663.11677000,0
1729170000000,71.57000000,72.11000000,71.26000000,71.58000000,38125.44100000,1729173599999,2735164.88531000,9562,17868.60800000,1282008.36497000,0
1729173600000,71.58000000,71.61000000,71.04000000,71.47000000,37264.67600000,1729177199999,2657150.59016000,8623,20137.62100000,1436039.36212000,0
1729177200000,71.47000000,72.36000000,71.33000000,72.22000000,39621.63800000,1729180799999,2850961.33454000,10228,19673.59300000,1415614.05701000,0
1729180800000,72.22000000,72.68000000,72.02000000,72.43000000,37674.70500000,1729184399999,2725771.20973000,10527,16996.27200000,1229868.31587000,0
1729184400000,72.42000000,72.70000000,71.92000000,72.22000000,34366.16200000,1729187999999,2484743.43365000,9468,16973.53900000,1227561.29860000,0
1729188000000,72.23000000,72.37000000,71.31000000,72.08000000,34569.36300000,1729191599999,2485537.49717000,10375,16825.30800000,1209601.17898000,0
1729191600000,72.07000000,73.04000000,71.82000000,73.03000000,53803.96500000,1729195199999,3905585.58683000,13022,35915.40000000,2608849.94893000,0
1729195200000,73.03000000,73.11000000,72.68000000,72.88000000,32997.96000000,1729198799999,2406453.84786000,8751,16298.86000000,1188694.04269000,0
1729198800000,72.87000000,73.84000000,72.84000000,73.14000000,34691.90100000,1729202399999,2546493.37716000,9581,17609.67200000,1292209.14943000,0
1729202400000,73.14000000,74.00000000,73.06000000,73.32000000,21617.74700000,1729205999999,1591111.99552000,7007,10910.03200000,803090.56718000,0
1729206000000,73.32000000,73.36000000,72.71000000,72.80000000,21484.67900000,1729209599999,1569252.97425000,5788,8525.85400000,623181.93958000,0
1729209600000,72.79000000,72.97000000,72.09000000,72.87000000,28709.15300000,1729213199999,2081854.93103000,8387,14667.54900000,1063461.90476000,0
1729213200000,72.87000000,74.87000000,72.69000000,74.55000000,48642.28400000,1729216799999,3592967.06216000,13342,30808.80200000,2273926.44495000,0
1729216800000,74.55000000,74.58000000,72.76000000,72.77000000,24902.35500000,1729220399999,1833472.70197000,8521,10127.75300000,745458.54075000,0
1729220400000,72.76000000,73.14000000,72.40000000,73.12000000,23330.06300000,1729223999999,1696324.17576000,7088,13116.93700000,953683.68037000,0
1729224000000,73.12000000,73.26000000,72.70000000,72.89000000,12142.51600000,1729227599999,886294.12308000,4745,5139.51300000,375185.01101000,0
1729227600000,72.90000000,72.97000000,72.61000000,72.79000000,8830.65200000,1729231199999,643087.46502000,3982,3545.25200000,258149.96866000,0
1729231200000,72.79000000,72.89000000,72.39000000,72.56000000,16844.07400000,1729234799999,1223151.41004000,6007,8434.80300000,612519.21512000,0
1729234800000,72.56000000,72.61000000,72.22000000,72.26000000,12627.03000000,1729238399999,913699.88887000,5189,5892.03500000,426350.74386000,0
1729238400000,72.25000000,72.37000000,71.93000000,72.17000000,12569.49800000,1729241999999,907266.43119000,5144,5578.63600000,402769.54370000,0
1729242000000,72.16000000,72.24000000,71.90000000,72.13000000,15018.59200000,1729245599999,1082748.06710000,5201,7551.63200000,544355.88746000,0
1729245600000,72.14000000,72.24000000,71.94000000,71.98000000,10226.30400000,1729249199999,736949.66988000,3936,4884.67500000,352022.35811000,0
1729249200000,71.97000000,72.08000000,71.89000000,71.94000000,6941.66200000,1729252799999,499717.68586000,3643,3600.98000000,259250.51371000,0
1729252800000,71.94000000,72.55000000,71.93000000,72.49000000,12257.38100000,1729256399999,885618.23395000,5129,6033.06700000,435962.58180000,0
1729256400000,72.49000000,72.90000000,72.40000000,72.59000000,18847.53000000,1729259999999,1370008.85314000,6429,11392.76800000,827946.62779000,0
1729260000000,72.59000000,73.35000000,72.17000000,73.00000000,31556.94500000,1729263599999,2299364.51937000,9912,16605.14500000,1209559.48638000,0
1729263600000,72.99000000,73.38000000,72.77000000,73.25000000,21826.04500000,1729267199999,1595101.68000000,6534,11988.65800000,876097.11789000,0
1729267200000,73.26000000,73.30000000,72.84000000,73.07000000,18345.10500000,1729270799999,1339880.37748000,6438,8032.11000000,586615.72314000,0
1729270800000,73.06000000,73.11000000,72.60000000,72.62000000,21791.57600000,1729274399999,1587888.98979000,7027,10400.94000000,758059.11990000,0
1729274400000,72.61000000,73.12000000,72.26000000,73.05000000,32851.81500000,1729277999999,2387382.50491000,9259,18796.70100000,1366430.81428000,0
1729278000000,73.04000000,73.79000000,72.60000000,73.66000000,35892.54400000,1729281599999,2624543.02225000,11299,21854.54100000,1598829.27668000,0
1729281600000,73.67000000,73.82000000,73.17000000,73.46000000,17064.41400000,1729285199999,1253453.51342000,6089,8942.99100000,657207.22700000,0
1729285200000,73.45000000,73.56000000,73.12000000,73.38000000,7926.63200000,1729288799999,581203.78869000,4038,3663.27200000,268547.87301000,0
1729288800000,73.38000000,73.85000000,73.30000000,73.69000000,15584.36700000,1729292399999,1147235.05065000,6168,5922.67500000,436001.03438000,0
1729292400000,73.68000000,73.74000000,73.00000000,73.11000000,11141.19500000,1729295999999,817028.22798000,4704,4007.76600000,293985.59743000,0
1729296000000,73.11000000,73.58000000,73.03000000,73.45000000,7785.18400000,1729299599999,570949.78993000,3311,3570.38000000,261903.34510000,0
1729299600000,73.45000000,73.81000000,73.36000000,73.72000000,8411.62600000,1729303199999,619254.56986000,4020,4692.33800000,345428.78356000,0
1729303200000,73.71000000,74.07000000,73.63000000,73.86000000,17900.16100000,1729306799999,1323237.91506000,5170,11373.48400000,840833.52364000,0
1729306800000,73.86000000,74.06000000,73.53000000,73.75000000,9180.95500000,1729310399999,677451.71110000,3675,3302.83700000,243758.52002000,0
1729310400000,73.76000000,74.14000000,73.75000000,73.96000000,8952.97500000,1729313999999,662112.64535000,3859,4587.59000000,339228.21201000,0
1729314000000,73.96000000,74.44000000,73.96000000,74.35000000,6075.82100000,1729317599999,450924.94590000,3594,3131.70400000,232476.02985000,0
1729317600000,74.35000000,74.70000000,74.23000000,74.53000000,8741.70900000,1729321199999,651343.71885000,4701,4192.73200000,312456.35147000,0
1729321200000,74.53000000,74.81000000,74.40000000,74.42000000,16863.48200000,1729324799999,1257943.37955000,4975,6965.23000000,519667.60432000,0
1729324800000,74.42000000,74.80000000,74.30000000,74.78000000,11417.57600000,1729328399999,850938.31165000,4239,5571.36600000,415336.85668000,0
1729328400000,74.78000000,75.00000000,74.71000000,74.97000000,9756.22800000,1729331999999,730692.75955000,4912,5455.83100000,408662.53737000,0
1729332000000,74.98000000,76.19000000,74.88000000,75.27000000,44808.63600000,1729335599999,3385525.56345000,13913,24634.40600000,1860493.25379000,0
1729335600000,75.27000000,75.74000000,74.79000000,74.84000000,19039.69900000,1729339199999,1432896.76117000,6362,7809.92100000,588049.27741000,0
1729339200000,74.84000000,75.21000000,74.57000000,74.71000000,13437.93500000,1729342799999,1005592.92994000,5372,6974.50300000,522035.07287000,0
1729342800000,74.71000000,75.05000000,74.60000000,74.78000000,14340.59400000,1729346399999,1073482.24720000,4689,6391.44300000,478392.17278000,0
1729346400000,74.78000000,75.53000000,74.76000000,75.22000000,18057.19800000,1729349999999,1359419.81637000,5604,9779.53800000,736186.93655000,0
1729350000000,75.23000000,75.29000000,74.84000000,74.97000000,13658.67400000,1729353599999,1024990.43022000,5494,6813.02800000,511189.98784000,0
1729353600000,74.96000000,75.27000000,74.83000000,74.85000000,9248.81500000,1729357199999,694107.18839000,4377,4260.43900000,319756.71930000,0
1729357200000,74.85000000,74.95000000,74.31000000,74.67000000,16213.62800000,1729360799999,1210382.25731000,5765,6785.05900000,506424.27615000,0
1729360800000,74.69000000,75.47000000,74.58000000,75.35000000,14504.18000000,1729364399999,1089119.08340000,5743,8131.37900000,610464.29523000,0
1729364400000,75.35000000,75.63000000,75.22000000,75.22000000,10950.63800000,1729367999999,825856.45201000,4984,5493.17400000,414284.85637000,0
1729368000000,75.23000000,75.36000000,74.84000000,75.25000000,9257.25700000,1729371599999,695248.00996000,4839,4798.94500000,360387.97147000,0
1729371600000,75.25000000,75.45000000,75.07000000,75.09000000,7328.92400000,1729375199999,551576.41545000,4098,2922.61500000,219943.15258000,0
1729375200000,75.09000000,75.37000000,75.02000000,75.05000000,7574.67100000,1729378799999,569520.03895000,3886,2857.51300000,214892.63168000,0
1729378800000,75.05000000,75.28000000,74.79000000,74.90000000,6680.35900000,1729382399999,501307.29905000,4270,2693.71200000,202080.93194000,0
1729382400000,74.90000000,75.19000000,74.65000000,75.02000000,12870.79600000,1729385999999,963393.87561000,4937,7364.42300000,551337.11720000,0
1729386000000,75.05000000,75.15000000,74.70000000,74.73000000,6011.51500000,1729389599999,450646.49535000,2854,2607.11400000,195457.49149000,0
1729389600000,74.72000000,74.90000000,74.56000000,74.67000000,6738.95600000,1729393199999,503714.63372000,3195,3018.90700000,225660.10437000,0
1729393200000,74.67000000,75.44000000,74.49000000,75.03000000,15197.56300000,1729396799999,1139149.87160000,5153,8325.72500000,624121.14111000,0
1729396800000,75.01000000,75.39000000,74.80000000,74.86000000,13510.97700000,1729400399999,1014328.90932000,4624,6881.55200000,516828.53650000,0
1729400400000,74.87000000,74.95000000,74.48000000,74.67000000,11248.42300000,1729403999999,840031.70442000,4132,5534.82200000,413382.84062000,0
1729404000000,74.67000000,74.72000000,74.35000000,74.68000000,7864.82600000,1729407599999,586296.68029000,3653,3323.70300000,247773.09522000,0
1729407600000,74.68000000,74.78000000,74.07000000,74.14000000,7450.56300000,1729411199999,554307.67307000,3953,4000.85900000,297687.83093000,0
1729411200000,74.14000000,74.55000000,74.10000000,74.42000000,8301.17900000,1729414799999,617384.89319000,4056,4268.91100000,317521.09857000,0
1729414800000,74.43000000,74.70000000,74.28000000,74.70000000,7282.64000000,1729418399999,542824.48304000,3451,4156.17800000,309788.59298000,0
1729418400000,74.70000000,74.88000000,74.52000000,74.85000000,7912.45100000,1729421999999,591301.36131000,3976,3507.73100000,262178.81424000,0
1729422000000,74.85000000,75.36000000,74.80000000,75.07000000,11452.37600000,1729425599999,860197.89855000,4682,5848.29800000,439282.66488000,0
1729425600000,75.07000000,75.20000000,74.84000000,74.88000000,12858.88200000,1729429199999,964413.30884000,4990,5647.54300000,423617.06149000,0
1729429200000,74.89000000,75.88000000,74.76000000,75.54000000,15020.75700000,1729432799999,1131649.34913000,6254,9128.32500000,687777.47902000,0
1729432800000,75.53000000,75.61000000,75.09000000,75.28000000,15652.27800000,1729436399999,1178902.61634000,5839,7341.30800000,553103.81215000,0
1729436400000,75.28000000,75.37000000,74.61000000,74.85000000,18120.05800000,1729439999999,1357988.80208000,5575,8299.96000000,621829.45049000,0
1729440000000,74.85000000,74.89000000,74.41000000,74.43000000,16300.07900000,1729443599999,1215256.27932000,5385,9568.48300000,713273.59643000,0
1729443600000,74.44000000,74.67000000,74.41000000,74.53000000,12650.20500000,1729447199999,942812.49343000,4258,6412.54600000,477977.99430000,0
1729447200000,74.53000000,74.60000000,74.30000000,74.31000000,6707.25200000,1729450799999,499585.81631000,3595,3661.77500000,272790.77713000,0
1729450800000,74.31000000,74.46000000,74.11000000,74.17000000,8823.09800000,1729454399999,655276.00504000,3965,5329.33900000,395804.91576000,0
1729454400000,74.18000000,74.23000000,73.91000000,74.07000000,17296.67900000,1729457999999,1281639.49185000,5456,8565.30200000,634663.60081000,0
1729458000000,74.07000000,74.14000000,73.70000000,73.86000000,9564.55700000,1729461599999,706836.41307000,4483,4087.63100000,302101.52782000,0
1729461600000,73.86000000,74.36000000,73.60000000,74.19000000,32403.78600000,1729465199999,2401149.32687000,8955,18164.46700000,1346018.56435000,0
1729465200000,74.20000000,74.44000000,74.02000000,74.30000000,13736.63900000,1729468799999,1019524.34735000,5129,6778.62000000,503066.67449000,0
1729468800000,74.31000000,74.62000000,74.00000000,74.20000000,19665.29600000,1729472399999,1461524.99123000,7045,11303.30100000,839913.83745000,0
1729472400000,74.21000000,74.42000000,73.94000000,74.13000000,13744.89000000,1729475999999,1019105.79012000,4997,7888.53700000,584907.62474000,0
1729476000000,74.12000000,74.23000000,73.86000000,73.92000000,18044.69700000,1729479599999,1335522.23389000,4676,9112.03800000,674400.00315000,0
1729479600000,73.92000000,73.97000000,73.60000000,73.71000000,10818.28300000,1729483199999,797863.92411000,3837,5584.74700000,411914.83972000,0
1729483200000,73.70000000,74.03000000,73.47000000,73.95000000,7426.10100000,1729486799999,547211.66814000,3625,3780.67900000,278671.02783000,0
1729486800000,73.95000000,74.16000000,73.61000000,73.84000000,11516.48900000,1729490399999,851413.74264000,4311,4503.81000000,332943.72825000,0
1729490400000,73.84000000,74.08000000,73.70000000,73.74000000,12017.98700000,1729493999999,887789.50598000,4866,5101.15200000,376920.10852000,0
1729494000000,73.74000000,73.89000000,73.24000000,73.31000000,12832.93700000,1729497599999,943418.91424000,5319,5889.16100000,432813.76922000,0
1729497600000,73.30000000,73.47000000,72.90000000,72.94000000,15644.98100000,1729501199999,1144681.82379000,6079,6767.48700000,495398.85078000,0
1729501200000,72.94000000,73.34000000,72.83000000,73.12000000,17667.47000000,1729504799999,1290675.44429000,5910,8740.20700000,638753.30552000,0
1729504800000,73.12000000,73.30000000,72.90000000,72.95000000,9622.90400000,1729508399999,703621.35926000,4302,3734.96500000,273107.17445000,0
1729508400000,72.94000000,73.17000000,72.21000000,72.36000000,23202.36400000,1729511999999,1687379.42298000,7688,9242.62200000,672283.47050000,0
1729512000000,72.36000000,72.61000000,72.08000000,72.58000000,19710.00400000,1729515599999,1426626.23638000,6747,9693.30900000,701798.57655000,0
1729515600000,72.56000000,73.02000000,71.91000000,72.19000000,33852.09700000,1729519199999,2456110.86439000,10675,17341.48300000,1258532.75299000,0
1729519200000,72.21000000,72.21000000,71.21000000,71.49000000,35898.83700000,1729522799999,2572319.38529000,10268,12814.62500000,917617.24794000,0
1729522800000,71.49000000,71.51000000,71.01000000,71.39000000,20339.82500000,1729526399999,1447618.40958000,8333,10013.76000000,712824.68669000,0
1729526400000,71.39000000,71.39000000,70.74000000,71.11000000,19552.96100000,1729529999999,1388169.39091000,6992,9279.64100000,658765.49131000,0
1729530000000,71.11000000,71.48000000,70.78000000,71.06000000,23484.70800000,1729533599999,1670866.96086000,6822,9713.02500000,690906.61492000,0
1729533600000,71.06000000,71.06000000,70.32000000,70.70000000,23728.74800000,1729537199999,1678193.56900000,7172,8913.30700000,630596.29617000,0
1729537200000,70.72000000,71.09000000,70.69000000,71.04000000,12460.93700000,1729540799999,882985.29244000,5343,4903.07200000,347499.66958000,0
1729540800000,71.04000000,71.20000000,70.85000000,70.98000000,11614.90000000,1729544399999,824865.15747000,4572,5181.53900000,367957.91777000,0
1729544400000,70.98000000,71.14000000,70.77000000,70.90000000,8088.31900000,1729547999999,574093.44549000,4229,3715.94900000,263763.49301000,0
1729548000000,70.90000000,71.12000000,70.80000000,71.00000000,6735.84600000,1729551599999,478089.80172000,3622,3056.92800000,216958.45085000,0
1729551600000,70.99000000,70.99000000,70.60000000,70.77000000,18555.98300000,1729555199999,1312434.30709000,4452,7521.80000000,532286.83034000,0
1729555200000,70.77000000,71.06000000,70.10000000,70.75000000,23551.21100000,1729558799999,1664177.28917000,6892,9815.58600000,693665.99663000,0
1729558800000,70.76000000,70.98000000,70.45000000,70.72000000,18431.06100000,1729562399999,1304414.19623000,4623,12687.19800000,897972.72388000,0
1729562400000,70.71000000,70.95000000,70.30000000,70.49000000,22879.33300000,1729565999999,1615103.75757000,5262,9702.82600000,685262.50468000,0
1729566000000,70.48000000,71.22000000,70.48000000,70.93000000,38396.80800000,1729569599999,2726884.71888000,8185,19102.32500000,1356870.38791000,0
1729569600000,70.93000000,71.12000000,70.66000000,70.70000000,24362.81600000,1729573199999,1727516.39439000,6044,14503.04000000,1028530.81689000,0
1729573200000,70.69000000,70.96000000,70.27000000,70.73000000,31207.59300000,1729576799999,2202823.45582000,7138,12776.54800000,902019.80644000,0
1729576800000,70.70000000,71.20000000,70.61000000,71.08000000,36448.65300000,1729580399999,2585952.48460000,7527,15022.01300000,1066180.03116000,0
1729580400000,71.07000000,71.62000000,70.72000000,70.72000000,52049.62600000,1729583999999,3709877.56798000,10985,30924.84700000,2204478.80460000,0
1729584000000,70.72000000,71.06000000,70.34000000,70.69000000,63141.75500000,1729587599999,4459502.87119000,13860,22354.03500000,1579135.44190000,0
1729587600000,70.69000000,71.22000000,70.31000000,71.13000000,31847.65400000,1729591199999,2255956.43033000,7856,16658.05800000,1180247.84793000,0
1729591200000,71.13000000,71.33000000,70.45000000,70.53000000,54505.19500000,1729594799999,3867391.23094000,10380,28672.48900000,2034777.97882000,0
1729594800000,70.54000000,71.05000000,70.21000000,70.42000000,87383.09200000,1729598399999,6166919.88593000,15746,44027.16600000,3109390.05659000,0
1729598400000,70.42000000,70.64000000,70.06000000,70.16000000,43653.19700000,1729601999999,3069518.56588000,8617,20939.75800000,1472624.89313000,0
1729602000000,70.15000000,70.26000000,69.43000000,70.01000000,27128.58300000,1729605599999,1896756.68356000,7024,11726.69800000,819892.23907000,0
1729605600000,70.00000000,70.50000000,69.75000000,70.26000000,36127.22600000,1729609199999,2535604.81157000,15148,21328.32900000,1496985.75197000,0
1729609200000,70.26000000,70.34000000,69.39000000,69.74000000,30477.29000000,1729612799999,2126397.48843000,7520,14073.58100000,981768.31162000,0
1729612800000,69.72000000,69.83000000,69.40000000,69.54000000,14542.77800000,1729616399999,1012366.93193000,6594,7764.26500000,540547.36522000,0
1729616400000,69.56000000,69.88000000,69.45000000,69.77000000,12560.47100000,1729619999999,875294.64590000,4277,6885.41000000,479757.75911000,0
1729620000000,69.76000000,69.98000000,69.42000000,69.44000000,12380.36300000,1729623599999,862919.67578000,3817,5716.24200000,398299.66249000,0
1729623600000,69.44000000,69.95000000,69.39000000,69.77000000,9449.09500000,1729627199999,658579.90217000,3015,4895.63000000,341252.94324000,0
1729627200000,69.77000000,69.94000000,69.55000000,69.89000000,7455.36100000,1729630799999,519871.39714000,2582,3787.48700000,264149.07115000,0
1729630800000,69.89000000,70.00000000,69.78000000,69.97000000,7272.15800000,1729634399999,508462.97077000,3081,3826.10900000,267532.21428000,0
1729634400000,69.95000000,70.20000000,69.86000000,70.07000000,8400.69300000,1729637999999,588079.64854000,2737,4481.55600000,313760.14978000,0
1729638000000,70.06000000,70.17000000,69.85000000,70.04000000,6831.11300000,1729641599999,478076.95415000,2621,3954.31200000,276722.12047000,0
1729641600000,70.03000000,70.06000000,69.07000000,69.18000000,17027.77300000,1729645199999,1183047.35768000,4549,7366.00800000,511495.15961000,0
1729645200000,69.18000000,69.43000000,69.08000000,69.25000000,7614.26100000,1729648799999,527348.05176000,2598,3268.01300000,226321.96266000,0
1729648800000,69.24000000,69.27000000,68.84000000,68.96000000,11880.00400000,1729652399999,820121.24279000,3240,4280.47000000,295621.75358000,0
1729652400000,68.96000000,69.15000000,68.73000000,69.14000000,9615.24200000,1729655999999,662798.32532000,2949,4294.02600000,296096.97592000,0
1729656000000,69.14000000,69.25000000,68.97000000,69.17000000,6474.25300000,1729659599999,447611.56447000,2282,3307.12200000,228671.52625000,0
1729659600000,69.17000000,69.44000000,69.02000000,69.40000000,5265.81100000,1729663199999,364562.30934000,2266,2148.62500000,148791.52751000,0
1729663200000,69.39000000,69.68000000,69.29000000,69.33000000,7929.47500000,1729666799999,551222.05834000,2731,3876.87200000,269488.82022000,0
1729666800000,69.34000000,69.46000000,68.87000000,69.06000000,10178.46100000,1729670399999,704354.71234000,3680,5775.34300000,399737.67400000,0
1729670400000,69.05000000,69.36000000,68.71000000,68.91000000,18140.66300000,1729673999999,1253529.85883000,4714,7481.01600000,517157.16048000,0
1729674000000,68.91000000,69.11000000,68.66000000,68.93000000,12353.02400000,1729677599999,851291.15154000,4722,6631.27300000,456997.63056000,0
1729677600000,68.93000000,69.03000000,68.52000000,68.59000000,8735.14100000,1729681199999,600556.78957000,3439,4181.48900000,287537.05111000,0
1729681200000,68.59000000,69.03000000,68.58000000,68.90000000,19145.97500000,1729684799999,1317050.81838000,4701,12104.19100000,833040.95315000,0
1729684800000,68.90000000,69.17000000,68.72000000,68.93000000,14145.01300000,1729688399999,974928.07891000,4392,7177.46500000,494732.37045000,0
1729688400000,68.92000000,69.45000000,68.83000000,69.37000000,11413.14800000,1729691999999,789382.73551000,3493,5870.45600000,406206.29338000,0
1729692000000,69.37000000,69.63000000,69.14000000,69.26000000,17040.76900000,1729695599999,1182422.07703000,4669,8485.94300000,589035.59368000,0
1729695600000,69.25000000,69.31000000,68.59000000,69.09000000,12756.62100000,1729699199999,879699.81373000,5190,6177.85400000,426109.70094000,0
1729699200000,69.09000000,69.12000000,68.27000000,68.44000000,15921.28000000,1729702799999,1094507.73173000,5423,7057.17500000,485394.90865000,0
1729702800000,68.43000000,69.07000000,68.36000000,68.68000000,13150.60700000,1729706399999,904563.71119000,4409,6660.37400000,458125.38947000,0
1729706400000,68.68000000,68.95000000,67.86000000,68.95000000,27090.47500000,1729709999999,1850972.69300000,8102,12198.14500000,833775.82722000,0
1729710000000,68.94000000,69.75000000,68.91000000,69.73000000,16129.64600000,1729713599999,1116806.05478000,4835,8100.37900000,560983.58631000,0
1729713600000,69.73000000,69.85000000,69.43000000,69.82000000,8560.96600000,1729717199999,596367.35166000,3004,4137.86200000,288237.92197000,0
1729717200000,69.81000000,69.86000000,69.33000000,69.40000000,6992.48300000,1729720799999,486901.41024000,2867,3527.83500000,245646.42838000,0
1729720800000,69.40000000,70.34000000,69.39000000,70.19000000,14207.17800000,1729724399999,993511.34862000,4600,6867.44800000,480276.20761000,0
1729724400000,70.18000000,70.43000000,70.04000000,70.04000000,8726.08800000,1729727999999,612843.96540000,3033,4904.87400000,344565.96968000,0
1729728000000,70.05000000,70.39000000,69.71000000,70.35000000,13903.37200000,1729731599999,973289.94826000,4108,4948.09400000,346521.93390000,0
1729731600000,70.36000000,70.45000000,70.04000000,70.29000000,14490.62900000,1729735199999,1018422.98592000,3787,7435.53600000,522651.17787000,0
1729735200000,70.30000000,70.58000000,69.88000000,70.15000000,29841.15200000,1729738799999,2097564.69132000,6695,14067.48100000,989124.66343000,0
1729738800000,70.15000000,70.28000000,69.94000000,69.97000000,7692.95800000,1729742399999,539317.34729000,2558,3671.06200000,257393.69325000,0
1729742400000,69.97000000,70.28000000,69.79000000,70.21000000,7991.82000000,1729745999999,559788.19791000,2696,4240.55800000,297144.58634000,0
1729746000000,70.22000000,70.42000000,70.16000000,70.20000000,5671.48200000,1729749599999,398619.33588000,2558,2333.93300000,164054.33119000,0
1729749600000,70.19000000,70.44000000,69.96000000,70.05000000,10251.37200000,1729753199999,719842.78093000,3562,4848.03500000,340316.11201000,0
1729753200000,70.04000000,70.18000000,69.70000000,69.76000000,9065.42600000,1729756799999,633712.48878000,3294,4019.29600000,280980.53121000,0
1729756800000,69.74000000,69.99000000,69.38000000,69.41000000,8844.83700000,1729760399999,617236.69642000,3482,4572.04200000,319121.39866000,0
1729760400000,69.41000000,69.81000000,69.29000000,69.65000000,10291.93100000,1729763999999,716431.51554000,3831,4903.45800000,341304.08649000,0
1729764000000,69.65000000,69.86000000,69.49000000,69.56000000,8519.19100000,1729767599999,593624.13626000,3048,5776.09600000,402489.36538000,0
1729767600000,69.57000000,69.95000000,69.54000000,69.89000000,9005.91600000,1729771199999,628322.71441000,3301,5941.97700000,414585.08580000,0
1729771200000,69.90000000,69.99000000,69.68000000,69.80000000,11982.76000000,1729774799999,836679.31924000,4016,6326.25600000,441766.24177000,0
1729774800000,69.80000000,70.56000000,69.72000000,70.55000000,14742.16400000,1729778399999,1033269.06060000,4911,8099.52700000,567818.67061000,0
1729778400000,70.56000000,70.99000000,70.48000000,70.94000000,15877.50700000,1729781999999,1122393.85890000,5489,8066.82100000,570368.59944000,0
1729782000000,70.93000000,71.13000000,70.68000000,70.93000000,10972.19900000,1729785599999,778364.71943000,4363,6068.78300000,430628.43143000,0
1729785600000,70.93000000,71.24000000,70.81000000,71.02000000,11518.07500000,1729789199999,818135.17666000,4396,5113.07500000,363220.35333000,0
1729789200000,71.01000000,71.26000000,70.87000000,71.07000000,8523.21200000,1729792799999,605652.42180000,3905,4152.32400000,295121.50705000,0
1729792800000,71.06000000,71.26000000,71.06000000,71.16000000,10416.43000000,1729796399999,741219.41124000,3326,4902.61900000,348900.88817000,0
1729796400000,71.16000000,71.16000000,70.91000000,71.08000000,8095.31800000,1729799999999,574890.80837000,3467,4445.36100000,315700.45201000,0
1729800000000,71.08000000,71.21000000,70.85000000,71.12000000,8474.77300000,1729803599999,602041.06209000,3246,3999.92300000,284215.87104000,0
1729803600000,71.12000000,71.33000000,70.85000000,70.88000000,11106.53200000,1729807199999,790251.76655000,4329,5125.30700000,364695.13509000,0
1729807200000,70.88000000,70.99000000,70.75000000,70.89000000,6624.37200000,1729810799999,469334.80335000,3058,2620.49600000,185680.10441000,0
1729810800000,70.88000000,71.18000000,70.80000000,71.18000000,11494.20000000,1729814399999,815971.46679000,2687,8433.00400000,598711.72920000,0
1729814400000,71.18000000,71.25000000,70.86000000,70.98000000,7109.23900000,1729817999999,504976.05628000,2864,3106.96500000,220698.02933000,0
1729818000000,70.97000000,71.29000000,70.95000000,71.23000000,4962.36400000,1729821599999,353145.65240000,2460,2306.89800000,164161.89110000,0
1729821600000,71.24000000,71.45000000,71.02000000,71.12000000,7771.00000000,1729825199999,553611.22176000,2866,4124.77700000,293978.81811000,0
1729825200000,71.12000000,71.55000000,71.12000000,71.34000000,9774.36000000,1729828799999,697700.59261000,3326,5299.89400000,378360.99655000,0
1729828800000,71.35000000,71.50000000,70.76000000,71.27000000,12927.33100000,1729832399999,920260.67245000,5072,5606.68300000,399132.94816000,0
1729832400000,71.27000000,71.60000000,70.99000000,71.32000000,13329.15800000,1729835999999,951102.33417000,4679,8183.58900000,584061.28935000,0
1729836000000,71.33000000,71.57000000,71.11000000,71.51000000,16350.15300000,1729839599999,1166936.35814000,5266,10006.23000000,714113.76497000,0
1729839600000,71.52000000,71.72000000,70.88000000,71.25000000,14564.23400000,1729843199999,1038362.55435000,5184,7293.82500000,520062.81691000,0
1729843200000,71.26000000,71.64000000,70.92000000,71.48000000,17210.77900000,1729846799999,1226513.22242000,5377,8180.82300000,582915.39189000,0
1729846800000,71.48000000,71.85000000,71.48000000,71.79000000,10968.93100000,1729850399999,786372.70854000,4593,5749.25300000,412143.56230000,0
1729850400000,71.79000000,71.82000000,71.50000000,71.52000000,8666.89300000,1729853999999,620865.86211000,3888,3807.29000000,272756.81114000,0
1729854000000,71.52000000,71.84000000,71.45000000,71.77000000,9741.66900000,1729857599999,697924.16424000,4114,5075.19600000,363705.93507000,0
1729857600000,71.78000000,72.10000000,71.76000000,71.93000000,15593.90800000,1729861199999,1121924.81790000,5432,7325.70500000,526967.91199000,0
1729861200000,71.94000000,72.25000000,71.83000000,72.16000000,13399.27900000,1729864799999,964842.85909000,5736,7027.06700000,506033.05327000,0
1729864800000,72.17000000,72.28000000,71.74000000,72.15000000,14602.49200000,1729868399999,1051969.42270000,5330,6988.99900000,503462.49286000,0
1729868400000,72.15000000,72.28000000,71.72000000,72.00000000,21993.15400000,1729871999999,1583114.47032000,8196,11588.88700000,834183.00717000,0
1729872000000,72.00000000,72.16000000,71.67000000,71.96000000,18072.82400000,1729875599999,1299838.31511000,6515,9615.96700000,691646.79026000,0
1729875600000,71.96000000,72.05000000,71.26000000,71.29000000,21331.84300000,1729879199999,1527360.43817000,7547,8291.79100000,594031.86098000,0
1729879200000,71.27000000,71.75000000,70.01000000,71.24000000,34403.33000000,1729882799999,2442893.31503000,13247,15403.62000000,1093856.06551000,0
1729882800000,71.24000000,71.46000000,70.51000000,70.91000000,17893.07200000,1729886399999,1268588.54910000,7461,7797.81400000,552888.27993000,0
1729886400000,70.90000000,71.16000000,70.46000000,70.84000000,11336.74700000,1729889999999,803160.50668000,4368,5475.88000000,388027.31175000,0
1729890000000,70.88000000,70.97000000,70.64000000,70.73000000,8499.16800000,1729893599999,601562.60068000,3591,4186.32500000,296294.21697000,0
1729893600000,70.72000000,70.78000000,70.13000000,70.15000000,8168.60100000,1729897199999,576078.09118000,3822,3930.70900000,277134.77580000,0
1729897200000,70.15000000,70.26000000,66.79000000,68.84000000,91826.43500000,1729900799999,6243940.58755000,25545,43817.96300000,2978414.71487000,0
1729900800000,68.83000000,69.63000000,68.30000000,69.57000000,35454.71700000,1729904399999,2445212.85450000,11035,16100.29700000,1110383.28791000,0
1729904400000,69.57000000,69.72000000,68.86000000,68.86000000,21946.32600000,1729907999999,1519789.29393000,6314,8532.15700000,591012.03988000,0
1729908000000,68.87000000,69.30000000,68.50000000,69.15000000,11610.26800000,1729911599999,799269.74728000,4564,4699.14700000,323535.24756000,0
1729911600000,69.16000000,69.67000000,69.05000000,69.37000000,8828.68900000,1729915199999,612323.13555000,3450,4512.95900000,313014.26491000,0
1729915200000,69.36000000,69.36000000,69.02000000,69.31000000,6311.47400000,1729918799999,436792.67630000,3111,2759.51500000,190954.54168000,0
1729918800000,69.30000000,69.65000000,69.30000000,69.53000000,13834.79700000,1729922399999,961695.63232000,4146,6163.77900000,428522.93917000,0
1729922400000,69.52000000,69.54000000,69.18000000,69.28000000,7461.00300000,1729925999999,517614.60024000,3231,3849.78700000,267064.77046000,0
1729926000000,69.29000000,69.35000000,68.86000000,68.97000000,11174.84800000,1729929599999,771448.92313000,3520,5149.88800000,355605.53339000,0
1729929600000,68.97000000,69.25000000,68.97000000,69.13000000,6783.33700000,1729933199999,469080.19857000,2603,3873.12600000,267849.82214000,0
1729933200000,69.13000000,69.24000000,68.89000000,68.90000000,5474.42000000,1729936799999,378157.15349000,2986,2906.56900000,200802.32162000,0
1729936800000,68.89000000,69.10000000,68.85000000,68.93000000,6606.97900000,1729940399999,455791.76852000,2757,3411.90400000,235363.25085000,0
1729940400000,68.95000000,69.03000000,68.84000000,68.87000000,7885.90700000,1729943999999,543451.51791000,3706,3230.14900000,222645.18451000,0
1729944000000,68.87000000,68.91000000,68.62000000,68.80000000,9256.89700000,1729947599999,636583.76792000,4355,5240.91900000,360435.26913000,0
1729947600000,68.80000000,68.99000000,68.49000000,68.60000000,9208.83600000,1729951199999,633166.49569000,4643,5249.06500000,360941.12534000,0
1729951200000,68.60000000,68.73000000,68.11000000,68.17000000,10267.83600000,1729954799999,703284.60699000,5096,4472.52600000,306388.21533000,0
1729954800000,68.16000000,68.67000000,68.07000000,68.38000000,11714.65300000,1729958399999,800530.90596000,6654,6327.87000000,432354.32723000,0
1729958400000,68.39000000,68.53000000,68.12000000,68.44000000,7453.91100000,1729961999999,509552.80059000,4172,4443.25400000,303778.45852000,0
1729962000000,68.44000000,68.66000000,68.33000000,68.57000000,7638.18400000,1729965599999,523068.72161000,3787,4352.89700000,298098.72310000,0
1729965600000,68.58000000,68.66000000,68.40000000,68.42000000,7891.06200000,1729969199999,540767.52288000,3810,3274.65400000,224414.04880000,0
1729969200000,68.42000000,68.61000000,68.38000000,68.53000000,5865.58000000,1729972799999,401714.76435000,4713,3396.82000000,232634.73766000,0
1729972800000,68.52000000,68.91000000,68.45000000,68.61000000,11394.44900000,1729976399999,782048.02951000,7086,5472.11900000,375512.46252000,0
1729976400000,68.60000000,68.68000000,68.44000000,68.60000000,7222.08200000,1729979999999,495066.90484000,3346,4839.40400000,331711.67867000,0
1729980000000,68.59000000,68.66000000,68.30000000,68.41000000,7100.77600000,1729983599999,485974.26242000,3290,3845.93100000,263255.64634000,0
1729983600000,68.42000000,68.56000000,68.27000000,68.47000000,10078.16600000,1729987199999,689141.42680000,3587,3969.68500000,271518.88700000,0
1729987200000,68.47000000,68.47000000,68.08000000,68.18000000,6981.02100000,1729990799999,476253.31722000,3080,3040.68000000,207401.76359000,0
1729990800000,68.18000000,68.47000000,68.00000000,68.45000000,6467.94100000,1729994399999,441429.06575000,3122,3928.80000000,268212.90352000,0
1729994400000,68.44000000,68.52000000,68.20000000,68.46000000,7733.99500000,1729997999999,528620.71489000,2693,4626.42300000,316269.17825000,0
1729998000000,68.45000000,69.14000000,68.35000000,69.11000000,13915.17200000,1730001599999,955828.49755000,4239,8348.37100000,573845.89476000,0
1730001600000,69.11000000,69.17000000,68.94000000,69.02000000,6219.96100000,1730005199999,429411.83462000,2591,3056.70200000,211061.37482000,0
1730005200000,69.02000000,69.13000000,68.91000000,69.02000000,4813.70800000,1730008799999,332208.44436000,2431,2236.43100000,154340.71549000,0
1730008800000,69.02000000,69.03000000,68.86000000,68.90000000,4169.06700000,1730012399999,287411.24170000,1994,2329.03200000,160556.18940000,0
1730012400000,68.91000000,68.94000000,68.76000000,68.91000000,5440.21500000,1730015999999,374475.91354000,2108,3027.70700000,208421.01664000,0
1730016000000,68.92000000,69.33000000,68.92000000,69.28000000,5599.01500000,1730019599999,386952.18758000,2997,3831.10800000,264755.79546000,0
1730019600000,69.25000000,69.45000000,69.08000000,69.45000000,5682.01200000,1730023199999,393668.26701000,3060,2782.16100000,192815.24013000,0
1730023200000,69.45000000,69.46000000,69.20000000,69.27000000,5479.63100000,1730026799999,379821.32634000,3082,2322.59700000,161021.09590000,0
1730026800000,69.28000000,69.71000000,69.19000000,69.71000000,8274.31800000,1730030399999,574918.81943000,3819,5185.52300000,360418.88371000,0
1730030400000,69.70000000,70.32000000,69.61000000,70.23000000,12206.27600000,1730033999999,854812.64133000,5389,5894.36900000,412729.80204000,0
1730034000000,70.22000000,70.78000000,70.20000000,70.48000000,11763.64500000,1730037599999,829916.29692000,5240,5579.98100000,393587.77538000,0
1730037600000,70.49000000,70.82000000,70.48000000,70.75000000,8530.57800000,1730041199999,603269.00893000,5137,4073.33700000,288095.97986000,0
1730041200000,70.76000000,70.86000000,70.57000000,70.74000000,12487.84500000,1730044799999,883223.30420000,4861,5496.97000000,388773.80707000,0
1730044800000,70.74000000,70.84000000,70.45000000,70.68000000,7968.23100000,1730048399999,563007.90262000,4184,3504.09800000,247661.03545000,0
1730048400000,70.68000000,71.05000000,70.59000000,70.79000000,8222.66700000,1730051999999,582271.26969000,4244,4021.53200000,284927.98774000,0
1730052000000,70.80000000,70.83000000,70.53000000,70.59000000,9134.87500000,1730055599999,645554.28517000,4446,3425.55600000,242103.81183000,0
1730055600000,70.59000000,70.94000000,70.58000000,70.91000000,5931.28300000,1730059199999,419460.98455000,4019,3046.03200000,215407.28126000,0
1730059200000,70.91000000,70.96000000,70.78000000,70.83000000,8732.16500000,1730062799999,618794.07029000,4666,2933.60300000,207902.88030000,0
1730062800000,70.83000000,70.96000000,70.52000000,70.60000000,8676.54000000,1730066399999,614301.02474000,4204,3766.09100000,266633.85815000,0
1730066400000,70.61000000,71.00000000,70.61000000,70.99000000,9077.97300000,1730069999999,642625.49751000,4247,4374.47400000,309730.60746000,0
1730070000000,70.99000000,71.22000000,70.97000000,71.06000000,5173.91900000,1730073599999,367885.00267000,2874,2168.47800000,154190.39818000,0
1730073600000,71.10000000,71.47000000,71.10000000,71.29000000,8831.70700000,1730077199999,629937.05312000,4672,4292.03700000,306119.04458000,0
1730077200000,71.28000000,71.57000000,71.11000000,71.12000000,18460.48300000,1730080799999,1318049.30427000,4585,10726.15300000,765658.91976000,0
1730080800000,71.11000000,71.42000000,71.11000000,71.26000000,6007.29200000,1730084399999,428140.36317000,3052,3009.58900000,214453.56956000,0
1730084400000,71.26000000,71.30000000,70.51000000,70.64000000,12191.44300000,1730087999999,864027.71626000,4797,5271.54100000,373332.97083000,0
1730088000000,70.62000000,70.81000000,70.42000000,70.71000000,7799.84200000,1730091599999,551242.17554000,4193,3472.24900000,245401.58192000,0
1730091600000,70.71000000,70.94000000,70.52000000,70.82000000,8744.73500000,1730095199999,618190.60760000,5203,4513.81800000,319169.00211000,0
1730095200000,70.82000000,70.98000000,70.70000000,70.94000000,5547.07900000,1730098799999,392798.57398000,3991,2947.67900000,208727.04250000,0
1730098800000,70.94000000,71.39000000,70.94000000,71.19000000,10333.95700000,1730102399999,735651.12164000,5746,5375.86600000,382717.02535000,0
1730102400000,71.19000000,71.40000000,71.18000000,71.25000000,11083.38900000,1730105999999,790342.10146000,5315,4665.56100000,332678.67917000,0
1730106000000,71.25000000,71.49000000,71.09000000,71.40000000,10254.17900000,1730109599999,731004.39137000,5447,4349.48500000,310045.90043000,0
1730109600000,71.40000000,71.42000000,70.83000000,70.85000000,13531.19900000,1730113199999,961903.62516000,5972,5153.41300000,366300.23072000,0
1730113200000,70.84000000,71.00000000,70.64000000,70.65000000,10151.69100000,1730116799999,719077.33634000,5557,6286.44600000,445370.75655000,0
1730116800000,70.66000000,70.88000000,70.23000000,70.83000000,28232.39300000,1730120399999,1992733.61503000,7661,12229.63900000,863178.05248000,0
1730120400000,70.83000000,71.01000000,70.48000000,70.59000000,15063.96600000,1730123999999,1066209.72895000,6404,7627.31300000,539888.19789000,0
1730124000000,70.59000000,70.86000000,70.35000000,70.46000000,19205.70800000,1730127599999,1354951.10903000,8091,9644.29900000,680402.66811000,0
1730127600000,70.47000000,70.49000000,69.88000000,69.90000000,17884.95000000,1730131199999,1253401.43358000,7165,8518.27900000,597092.15671000,0
1730131200000,69.91000000,70.35000000,69.84000000,70.13000000,17502.67200000,1730134799999,1228000.78680000,13899,10993.22000000,771367.09183000,0
1730134800000,70.12000000,70.23000000,69.60000000,69.77000000,25742.78000000,1730138399999,1801350.24068000,9177,12199.73400000,853665.21215000,0
1730138400000,69.77000000,70.08000000,69.67000000,70.00000000,11162.10300000,1730141999999,779684.63022000,5570,6116.70000000,427314.09098000,0
1730142000000,69.99000000,70.91000000,69.95000000,70.55000000,24665.80500000,1730145599999,1739375.51195000,9084,14097.42700000,993768.93430000,0
1730145600000,70.55000000,70.71000000,70.40000000,70.50000000,11792.64700000,1730149199999,831882.25646000,5342,6476.63600000,456914.48558000,0
1730149200000,70.50000000,70.91000000,70.33000000,70.81000000,9831.64500000,1730152799999,694145.66247000,4996,5347.87400000,377652.67542000,0
1730152800000,70.81000000,71.06000000,70.64000000,70.93000000,18326.30000000,1730156399999,1298595.63535000,6920,10135.01100000,718235.20455000,0
1730156400000,70.93000000,70.99000000,70.69000000,70.80000000,12366.96400000,1730159999999,876369.96360000,3596,6889.21800000,488388.28906000,0
1730160000000,70.81000000,71.23000000,70.71000000,71.13000000,18111.15200000,1730163599999,1284911.60202000,5136,8050.48400000,571230.74364000,0
1730163600000,71.13000000,71.87000000,71.03000000,71.84000000,24214.78500000,1730167199999,1730286.85989000,5454,17278.50900000,1233997.38588000,0
1730167200000,71.83000000,72.45000000,71.78000000,71.94000000,26812.14600000,1730170799999,1935267.35725000,8635,13305.62700000,960387.63466000,0
1730170800000,71.93000000,72.29000000,71.93000000,72.19000000,15359.55900000,1730174399999,1108078.81843000,4484,7658.97500000,552400.00454000,0
1730174400000,72.20000000,72.33000000,71.96000000,72.13000000,7777.20000000,1730177999999,561278.15049000,3391,4410.71000000,318273.42717000,0
1730178000000,72.12000000,72.13000000,71.83000000,72.08000000,9249.38200000,1730181599999,665665.26746000,3959,4246.91600000,305646.22793000,0
1730181600000,72.08000000,72.19000000,71.73000000,72.02000000,10008.39600000,1730185199999,720123.85400000,4009,4331.84500000,311665.68544000,0
1730185200000,72.02000000,72.41000000,72.01000000,72.39000000,17157.13100000,1730188799999,1239079.20053000,4957,8726.85200000,630471.41901000,0
1730188800000,72.39000000,72.59000000,72.38000000,72.40000000,14351.74400000,1730192399999,1040184.84722000,4847,7694.69800000,557708.74270000,0
1730192400000,72.39000000,72.41000000,72.13000000,72.26000000,10569.56700000,1730195999999,763765.02270000,4260,4149.63600000,299851.30823000,0
1730196000000,72.26000000,72.42000000,72.05000000,72.38000000,10024.33900000,1730199599999,724071.55655000,4634,4625.63400000,334106.12108000,0
1730199600000,72.37000000,72.80000000,72.35000000,72.45000000,14754.10500000,1730203199999,1071033.86947000,5414,7427.84400000,539104.06218000,0
1730203200000,72.45000000,72.51000000,72.16000000,72.33000000,17173.82100000,1730206799999,1242614.21315000,4976,9078.38500000,656974.98731000,0
1730206800000,72.33000000,72.78000000,72.25000000,72.78000000,14740.06100000,1730210399999,1068553.23647000,5032,8280.91200000,600193.42396000,0
1730210400000,72.77000000,72.92000000,72.42000000,72.86000000,17637.74500000,1730213999999,1282770.17477000,5852,9043.78300000,657776.11832000,0
1730214000000,72.86000000,73.27000000,72.56000000,73.26000000,33419.12500000,1730217599999,2438396.68366000,8026,19432.60700000,1417968.36884000,0
1730217600000,73.25000000,73.76000000,73.15000000,73.67000000,29440.26200000,1730221199999,2161408.81308000,8929,14781.22500000,1085253.93824000,0
1730221200000,73.66000000,73.99000000,73.08000000,73.67000000,38661.66900000,1730224799999,2842702.83540000,9488,19274.35000000,1417512.51321000,0
1730224800000,73.68000000,73.90000000,73.40000000,73.80000000,16882.97900000,1730228399999,1243958.11996000,6621,9663.64000000,712138.29403000,0
1730228400000,73.81000000,73.93000000,72.92000000,73.01000000,28304.79500000,1730231999999,2077305.76142000,8286,13771.42300000,1010511.46152000,0
1730232000000,73.01000000,73.16000000,72.49000000,72.98000000,17360.46900000,1730235599999,1266147.92219000,6461,8959.72400000,653540.42056000,0
1730235600000,72.98000000,73.88000000,72.94000000,73.80000000,14841.40300000,1730239199999,1090296.73336000,6963,9290.77700000,682704.50177000,0
1730239200000,73.80000000,74.38000000,73.57000000,74.14000000,17833.05200000,1730242799999,1320327.17318000,6710,10525.47600000,779185.34833000,0
1730242800000,74.14000000,74.27000000,73.93000000,73.98000000,7149.89900000,1730246399999,529872.72172000,4096,3612.86000000,267687.61461000,0
1730246400000,73.99000000,74.27000000,73.66000000,73.86000000,10315.24600000,1730249999999,763044.04533000,4797,4796.35800000,354773.55983000,0
1730250000000,73.85000000,73.90000000,73.35000000,73.54000000,13970.68700000,1730253599999,1028455.64811000,5404,6202.61600000,456632.01944000,0
1730253600000,73.55000000,73.70000000,73.29000000,73.32000000,7116.54100000,1730257199999,522835.01229000,3509,3230.30700000,237382.84070000,0
1730257200000,73.31000000,73.55000000,73.14000000,73.37000000,6357.21100000,1730260799999,466165.19024000,3556,3438.80400000,252178.76176000,0
1730260800000,73.37000000,73.38000000,72.88000000,72.91000000,12281.31400000,1730264399999,898157.27165000,4137,5307.30100000,388148.38948000,0
1730264400000,72.91000000,72.97000000,72.68000000,72.83000000,7588.54200000,1730267999999,552670.09271000,3854,3470.85900000,252800.06212000,0
1730268000000,72.83000000,73.08000000,72.57000000,72.58000000,12435.20300000,1730271599999,905178.83591000,4578,6098.73600000,444116.15368000,0
1730271600000,72.58000000,72.76000000,72.34000000,72.46000000,15058.33300000,1730275199999,1091748.06712000,5262,6531.69100000,473646.15122000,0
1730275200000,72.46000000,72.63000000,72.19000000,72.22000000,13984.94700000,1730278799999,1012297.77473000,7934,7033.59900000,509115.53350000,0
1730278800000,72.23000000,72.57000000,72.20000000,72.52000000,13593.82200000,1730282399999,984619.66200000,5488,6246.27200000,452406.45474000,0
1730282400000,72.53000000,72.54000000,72.02000000,72.08000000,12143.31200000,1730285999999,877704.33988000,5317,5525.49200000,399372.31039000,0
1730286000000,72.08000000,72.09000000,71.51000000,71.60000000,19910.35600000,1730289599999,1427603.36865000,7304,9883.19000000,708375.17407000,0
1730289600000,71.61000000,72.07000000,71.49000000,71.84000000,19736.26700000,1730293199999,1415646.55723000,6326,9417.55500000,675763.46723000,0
1730293200000,71.83000000,72.29000000,71.51000000,72.22000000,14789.77200000,1730296799999,1062948.74610000,5873,7718.30400000,555044.04737000,0
1730296800000,72.22000000,72.73000000,72.12000000,72.40000000,19419.22400000,1730300399999,1406793.83298000,6943,9332.42200000,676167.30013000,0
1730300400000,72.40000000,72.53000000,71.99000000,72.28000000,9345.74400000,1730303999999,675056.15986000,5434,4466.44600000,322646.85666000,0
1730304000000,72.28000000,72.48000000,72.08000000,72.23000000,8732.54200000,1730307599999,631117.06424000,4792,4209.87200000,304237.67327000,0
1730307600000,72.22000000,72.25000000,71.77000000,72.05000000,12851.68800000,1730311199999,924998.86097000,5497,6571.07700000,472953.43195000,0
1730311200000,72.05000000,72.09000000,71.85000000,72.05000000,8305.74800000,1730314799999,597910.04154000,4224,3951.40000000,284457.41198000,0
1730314800000,72.04000000,72.18000000,71.85000000,71.95000000,7475.85000000,1730318399999,538298.55453000,4109,3928.53300000,282825.61403000,0
1730318400000,71.95000000,72.45000000,71.49000000,72.43000000,13148.79400000,1730321999999,946227.90972000,6103,7087.69700000,510045.92215000,0
1730322000000,72.42000000,72.42000000,71.92000000,72.19000000,7611.91500000,1730325599999,549401.21484000,4002,3444.52900000,248570.07587000,0
1730325600000,72.20000000,72.25000000,71.80000000,71.92000000,17689.59100000,1730329199999,1274150.85716000,4431,3942.88000000,284026.78052000,0
1730329200000,71.92000000,72.14000000,71.76000000,71.76000000,6776.37700000,1730332799999,487866.19076000,3393,3166.52600000,227983.16754000,0
1730332800000,71.76000000,71.86000000,71.65000000,71.67000000,10208.32400000,1730336399999,732552.57056000,4693,4167.85400000,299137.14816000,0
1730336400000,71.68000000,71.80000000,71.27000000,71.66000000,9672.55100000,1730339999999,692686.42058000,4326,3680.54600000,263580.13932000,0
1730340000000,71.66000000,72.11000000,71.58000000,71.82000000,7071.82400000,1730343599999,507962.56876000,4003,3469.27500000,249197.60913000,0
1730343600000,71.82000000,71.87000000,71.65000000,71.70000000,3846.82400000,1730347199999,276078.10135000,3235,1906.63100000,136838.79397000,0
1730347200000,71.71000000,71.71000000,71.31000000,71.49000000,8078.16600000,1730350799999,577522.45765000,3447,3572.48000000,255356.66233000,0
1730350800000,71.48000000,71.49000000,71.20000000,71.24000000,10158.15200000,1730354399999,724682.13743000,3755,3511.83100000,250610.71599000,0
1730354400000,71.23000000,71.27000000,70.71000000,70.95000000,19121.18000000,1730357999999,1356973.44490000,7316,5942.49300000,421573.48676000,0
1730358000000,70.94000000,71.08000000,70.77000000,70.99000000,7466.30300000,1730361599999,529571.24376000,3677,4176.42400000,296217.35847000,0
1730361600000,70.98000000,71.01000000,70.55000000,70.74000000,10492.87400000,1730365199999,742714.68501000,4738,5430.87900000,384408.97496000,0
1730365200000,70.74000000,71.04000000,70.70000000,71.02000000,12676.09000000,1730368799999,898646.56556000,4706,7617.57200000,540090.27129000,0
1730368800000,71.03000000,71.74000000,70.97000000,71.67000000,24175.96500000,1730372399999,1725783.41085000,8037,17068.07800000,1218294.68518000,0
1730372400000,71.66000000,71.70000000,71.31000000,71.32000000,18683.40800000,1730375999999,1335972.84565000,6205,9953.98400000,711801.61960000,0
1730376000000,71.32000000,71.41000000,71.08000000,71.20000000,21984.39700000,1730379599999,1566063.94983000,6516,11318.25300000,806389.35623000,0
1730379600000,71.19000000,71.75000000,71.04000000,71.23000000,24973.09800000,1730383199999,1783159.99223000,9181,12628.26800000,901824.78919000,0
1730383200000,71.23000000,71.23000000,69.71000000,69.98000000,50770.10400000,1730386799999,3567529.12741000,16040,25900.58200000,1819841.58634000,0
1730386800000,69.98000000,70.47000000,69.91000000,70.31000000,20629.72100000,1730390399999,1449177.15563000,7407,8658.55600000,608186.34640000,0
1730390400000,70.31000000,70.31000000,69.81000000,69.89000000,10209.76000000,1730393999999,714723.52171000,4958,4776.63600000,334274.17486000,0
1730394000000,69.89000000,70.16000000,69.09000000,69.56000000,18411.61500000,1730397599999,1281577.75678000,10302,7416.61900000,516265.36564000,0
1730397600000,69.57000000,69.57000000,68.73000000,69.21000000,19770.13400000,1730401199999,1365056.86084000,10820,9303.47600000,642441.80408000,0
1730401200000,69.21000000,69.37000000,68.71000000,68.74000000,10997.27700000,1730404799999,759490.40333000,8224,5379.75900000,371651.18538000,0
1730404800000,68.73000000,69.00000000,68.42000000,68.89000000,15762.77300000,1730408399999,1083288.64166000,5772,7843.71500000,539220.30214000,0
1730408400000,68.87000000,69.38000000,68.69000000,69.21000000,8269.28800000,1730411999999,571002.69851000,3509,3914.02800000,270288.83389000,0
1730412000000,69.21000000,69.41000000,68.77000000,69.33000000,13068.83300000,1730415599999,903198.36196000,4465,8154.75600000,563644.83583000,0
1730415600000,69.34000000,69.59000000,69.22000000,69.33000000,11452.56200000,1730419199999,794810.00241000,3932,5190.43500000,360176.71567000,0
